#	Datafile	created	in	R																																																				
#cur_yr																																																								
2015																																																								
#styr...good	idea	perhaps	to	have	this	started	well	before	data	to	get	cohort	effects	involved...no	fancy	indexing	to	get	1st-year																																					
#	of	data	indexing	to	work																																																			
1940																																																								
#endyr																																																								
2018																																																								
#N_data_sets																																																								
1																																																								
#N_yrs_data_sets																																																								
59																																																								
																																																								
#yrs_data																																																								
#Fshry																																																								
1957 1958 1959 1960 1961	1962	1963	1964	1965	1966	1967	1968	1969	1970	1971	1972	1973	1974	1975	1976	1977	1978	1979	1980	1981	1982	1983	1984	1985	1986	1987	1988	1989	1990	1991	1992	1993	1994	1995	1996	1997	1998	1999	2000	2001	2002	2003	2004	2005	2006	2007	2008	2009	2010	2011	2012	2013	2014	2015		
#Age_st																																																								
2																																																								
#Age_end																																																								
10																																																								
#fishery																																																								
0.514	0.677	1.036	1.442	1.93	2.332	2.676	2.866	3.336
0.474	0.677	0.939	1.313	1.74	2.318	2.66	2.905	3.04
0.461	0.654	0.929	1.215	1.58	2.173	2.583	2.815	3.268
0.381	0.624	0.958	1.265	1.58	1.912	2.456	2.815	3.493
0.366	0.614	0.907	1.19	1.497	1.889	2.268	2.85	3.081
0.351	0.641	0.928	1.226	1.559	1.835	2.213	2.496	3.458
0.373	0.622	0.92	1.212	1.496	1.749	3.006	2.269	4.035
0.451	0.8	1.013	1.252	1.673	1.889	2.087	2.269	2.991
0.376	0.61	0.912	1.132	1.457	1.699	2.217	2.33	2.682
0.451	0.66	0.901	1.168	1.424	1.699	2.039	2.492	2.486
0.401	0.687	0.909	1.135	1.409	1.62	1.962	2.291	2.977
0.389	0.719	1.035	1.319	1.518	1.727	2.058	2.293	2.995
0.347	0.617	1.016	1.392	1.575	1.718	1.925	2.119	2.582
0.403	0.642	0.928	1.363	1.686	1.81	2.057	2.654	2.729
0.433	0.58	0.992	1.296	1.657	2.05	2.115	2.002	2.253
0.373	0.627	0.871	1.136	1.366	1.621	1.933	1.986	2.115
0.375	0.591	0.988	1.097	1.445	1.63	2.005	2.358	2.67
0.409	0.744	1.105	1.421	1.684	1.948	2.026	2.273	2.475
0.391	0.74	1.124	1.506	2.06	1.935	2.272	2.397	2.541
0.377	0.654	1.068	1.498	1.802	2.066	2.511	2.405	2.75
0.311	0.633	1.044	1.426	1.825	2.241	2.205	2.57	2.591
0.357	0.79	1.035	1.398	1.87	2.35	2.597	3.014	2.92
0.357	0.672	0.894	1.156	1.59	2.07	2.525	2.696	3.519
0.643	0.713	0.941	1.157	1.493	1.739	2.095	2.465	3.31
0.452	0.725	0.957	1.237	1.651	2.053	2.406	2.725	3.25
0.7	0.896	1.15	1.444	1.498	1.829	1.887	1.961	2.856
0.47	0.74	1.01	1.32	1.66	2.05	2.26	2.54	3.04
0.681	1.011	1.255	1.812	2.061	2.059	2.137	2.368	2.686
0.528	0.859	1.391	1.777	2.326	2.44	2.401	2.532	2.686
0.608	0.887	1.175	1.631	1.984	2.519	2.583	2.57	2.922
0.605	0.831	1.126	1.462	1.941	2.173	2.347	3.118	2.933
0.501	0.781	0.974	1.363	1.68	1.975	2.344	2.248	3.295
0.58	0.779	0.923	1.207	1.564	1.746	2.086	2.424	2.514
0.438	0.699	0.939	1.204	1.384	1.564	1.818	2.168	2.335
0.547	0.693	0.884	1.086	1.276	1.477	1.574	1.93	2.153
0.525	0.724	0.817	1.038	1.249	1.43	1.564	1.633	2.126
0.755	0.982	1.027	1.192	1.378	1.643	1.796	1.971	2.24
0.754	1.103	1.254	1.465	1.593	1.804	2.049	2.225	2.423
0.666	1.054	1.489	1.779	1.94	2.182	2.357	2.49	2.678
0.534	0.858	1.459	1.993	2.33	2.351	2.469	2.777	2.582
0.519	0.771	1.066	1.799	2.27	2.34	2.475	2.501	2.676
0.622	0.846	1.016	1.283	2.08	2.556	2.572	2.452	2.753
0.504	0.624	0.974	1.22	1.49	2.456	2.658	2.598	2.953
0.661	0.936	1.166	1.483	1.616	1.893	2.821	3.749	3.196
0.608	0.94	1.374	1.779	1.971	2.119	2.373	2.75	3.966
0.584	0.857	1.405	1.799	1.974	2.301	2.37	2.626	3.13
0.571	0.715	1.008	1.537	1.911	2.091	2.301	2.406	2.535
0.574	0.77	0.887	1.159	1.638	1.87	2.438	2.357	2.417
0.538	0.649	0.797	1.02	1.245	1.843	2.061	2.263	2.579
0.475	0.601	0.768	0.911	1.126	1.374	2.158	2.211	2.569
0.628	0.669	0.859	0.969	1.06	1.245	1.475	2.266	2.256
0.636	0.754	0.86	0.991	1.082	1.151	1.379	1.727	2.435
0.482	0.734	0.985	1.13	1.264	1.357	1.545	1.792	2.154
0.692	0.87	1.149	1.308	1.386	1.429	1.568	1.74	1.841
0.553	0.815	1.086	1.303	1.387	1.469	1.538	1.702	1.862
0.619	0.786	1.069	1.405	1.616	1.656	1.675	1.727	1.905
0.576	0.83	1.149	1.465	1.71	1.827	1.886	1.856	2.085
0.547	0.902	1.165	1.354	1.693	1.841	1.872	1.856	1.823
0.533	0.889	1.353	1.64	1.729	2.424	2.003	2.218	2.302
#
0.0514	0.0677	0.1036	0.1442	0.193	0.2332	0.2676	0.2866	0.3336
0.0474	0.0677	0.0939	0.1313	0.174	0.2318	0.266	0.2905	0.304
0.0461	0.0654	0.0929	0.1215	0.158	0.2173	0.2583	0.2815	0.3268
0.0381	0.0624	0.0958	0.1265	0.158	0.1912	0.2456	0.2815	0.3493
0.0366	0.0614	0.0907	0.119	0.1497	0.1889	0.2268	0.285	0.3081
0.0351	0.0641	0.0928	0.1226	0.1559	0.1835	0.2213	0.2496	0.3458
0.0373	0.0622	0.092	0.1212	0.1496	0.1749	0.3006	0.2269	0.4035
0.0451	0.08	0.1013	0.1252	0.1673	0.1889	0.2087	0.2269	0.2991
0.0376	0.061	0.0912	0.1132	0.1457	0.1699	0.2217	0.233	0.2682
0.0451	0.066	0.0901	0.1168	0.1424	0.1699	0.2039	0.2492	0.2486
0.0401	0.0687	0.0909	0.1135	0.1409	0.162	0.1962	0.2291	0.2977
0.0389	0.0719	0.1035	0.1319	0.1518	0.1727	0.2058	0.2293	0.2995
0.0347	0.0617	0.1016	0.1392	0.1575	0.1718	0.1925	0.2119	0.2582
0.0403	0.0642	0.0928	0.1363	0.1686	0.181	0.2057	0.2654	0.2729
0.0433	0.058	0.0992	0.1296	0.1657	0.205	0.2115	0.2002	0.2253
0.0373	0.0627	0.0871	0.1136	0.1366	0.1621	0.1933	0.1986	0.2115
0.0375	0.0591	0.0988	0.1097	0.1445	0.163	0.2005	0.2358	0.267
0.0409	0.0744	0.1105	0.1421	0.1684	0.1948	0.2026	0.2273	0.2475
0.0391	0.074	0.1124	0.1506	0.206	0.1935	0.2272	0.2397	0.2541
0.0377	0.0654	0.1068	0.1498	0.1802	0.2066	0.2511	0.2405	0.275
0.0311	0.0633	0.1044	0.1426	0.1825	0.2241	0.2205	0.257	0.2591
0.0357	0.079	0.1035	0.1398	0.187	0.235	0.2597	0.3014	0.292
0.0357	0.0672	0.0894	0.1156	0.159	0.207	0.2525	0.2696	0.3519
0.0643	0.0713	0.0941	0.1157	0.1493	0.1739	0.2095	0.2465	0.331
0.0452	0.0725	0.0957	0.1237	0.1651	0.2053	0.2406	0.2725	0.325
0.07	0.0896	0.115	0.1444	0.1498	0.1829	0.1887	0.1961	0.2856
0.047	0.074	0.101	0.132	0.166	0.205	0.226	0.254	0.304
0.0681	0.1011	0.1255	0.1812	0.2061	0.2059	0.2137	0.2368	0.2686
0.0528	0.0859	0.1391	0.1777	0.2326	0.244	0.2401	0.2532	0.2686
0.0608	0.0887	0.1175	0.1631	0.1984	0.2519	0.2583	0.257	0.2922
0.0605	0.0831	0.1126	0.1462	0.1941	0.2173	0.2347	0.3118	0.2933
0.0501	0.0781	0.0974	0.1363	0.168	0.1975	0.2344	0.2248	0.3295
0.058	0.0779	0.0923	0.1207	0.1564	0.1746	0.2086	0.2424	0.2514
0.0438	0.0699	0.0939	0.1204	0.1384	0.1564	0.1818	0.2168	0.2335
0.0547	0.0693	0.0884	0.1086	0.1276	0.1477	0.1574	0.193	0.2153
0.0525	0.0724	0.0817	0.1038	0.1249	0.143	0.1564	0.1633	0.2126
0.0755	0.0982	0.1027	0.1192	0.1378	0.1643	0.1796	0.1971	0.224
0.0754	0.1103	0.1254	0.1465	0.1593	0.1804	0.2049	0.2225	0.2423
0.0666	0.1054	0.1489	0.1779	0.194	0.2182	0.2357	0.249	0.2678
0.0534	0.0858	0.1459	0.1993	0.233	0.2351	0.2469	0.2777	0.2582
0.0519	0.0771	0.1066	0.1799	0.227	0.234	0.2475	0.2501	0.2676
0.0622	0.0846	0.1016	0.1283	0.208	0.2556	0.2572	0.2452	0.2753
0.0504	0.0624	0.0974	0.122	0.149	0.2456	0.2658	0.2598	0.2953
0.0661	0.0936	0.1166	0.1483	0.1616	0.1893	0.2821	0.3749	0.3196
0.0608	0.094	0.1374	0.1779	0.1971	0.2119	0.2373	0.275	0.3966
0.0584	0.0857	0.1405	0.1799	0.1974	0.2301	0.237	0.2626	0.313
0.0571	0.0715	0.1008	0.1537	0.1911	0.2091	0.2301	0.2406	0.2535
0.0574	0.077	0.0887	0.1159	0.1638	0.187	0.2438	0.2357	0.2417
0.0538	0.0649	0.0797	0.102	0.1245	0.1843	0.2061	0.2263	0.2579
0.0475	0.0601	0.0768	0.0911	0.1126	0.1374	0.2158	0.2211	0.2569
0.0628	0.0669	0.0859	0.0969	0.106	0.1245	0.1475	0.2266	0.2256
0.0636	0.0754	0.086	0.0991	0.1082	0.1151	0.1379	0.1727	0.2435
0.0482	0.0734	0.0985	0.113	0.1264	0.1357	0.1545	0.1792	0.2154
0.0692	0.087	0.1149	0.1308	0.1386	0.1429	0.1568	0.174	0.1841
0.0553	0.0815	0.1086	0.1303	0.1387	0.1469	0.1538	0.1702	0.1862
0.0619	0.0786	0.1069	0.1405	0.1616	0.1656	0.1675	0.1727	0.1905
0.0576	0.083	0.1149	0.1465	0.171	0.1827	0.1886	0.1856	0.2085
0.0547	0.0902	0.1165	0.1354	0.1693	0.1841	0.1872	0.1856	0.1823
0.0533	0.0889	0.1353	0.164	0.1729	0.2424	0.2003	0.2218	0.2302
