
# Datafile created in R 
#cur_yr
2016 
#styr...good idea perhaps to have this started well before data to get cohort effects involved...no fancy indexing to get 1st-year
# of data indexing to work
1960 
#endyr
2018 
#N_data_sets
1 
#N_yrs_data_sets
42
#yrs_data
#Fshry
1975	1976	1977	1978	1979	1980	1981	1982	1983	1984	1985	1986	1987	1988	1989	1990	1991	1992	1993	1994	1995	1996	1997	1998	1999	2000	2001	2002	2003	2004	2005	2006	2007	2008	2009	2010	2011	2012	2013	2014	2015	2016
#Age_st
1 
#Age_end
20 
#fishery
0.1575	0.2987	0.3658	0.6143	0.6306	0.7873	0.8738	0.9678	0.9075	0.97	1.6933	1.5	1.9	1.9555	2.7445	2.7445	2.7445	2.7445	2.7445	2.7445
0.0986	0.2359	0.499	0.5188	0.6936	0.8038	0.9165	1.2063	1.3335	1.4495	1.6507	1.8066	1.8588	1.9555	2.7445	2.7445	2.7445	2.7445	2.7445	2.7445
0.0855	0.402	0.4882	0.5902	0.665	0.7489	0.8272	0.9779	1.1052	1.2341	1.3148	1.4027	1.7511	2.1005	2.2094	2.2094	2.2094	2.2094	2.2094	2.2094
0.0725	0.1275	0.4699	0.5302	0.6026	0.6392	0.7397	0.8422	0.9811	1.0997	1.2459	1.3295	1.4814	1.7419	2.3353	2.3353	2.3353	2.3353	2.3353	2.3353
0.0763	0.241	0.2587	0.5821	0.6868	0.7677	0.8909	0.9128	1.0369	1.1987	1.2482	1.5326	1.552	1.795	1.9817	1.9817	1.9817	1.9817	1.9817	1.9817
0.08	0.2125	0.4529	0.3922	0.4904	0.5166	0.6554	0.7136	0.874	1.0626	1.1623	1.2898	1.3001	1.2699	1.3961	1.3961	1.3961	1.3961	1.3961	1.3961
0.1074	0.2137	0.3422	0.5264	0.3933	0.5254	0.5462	0.7464	0.7204	0.8231	1.0413	1.0989	1.3449	1.4926	1.2128	1.2128	1.2128	1.2128	1.2128	1.2128
0.1181	0.2465	0.3336	0.3097	0.5496	0.3956	0.5275	0.5629	0.7606	0.6837	0.8539	1.067	0.8793	1.0186	1.1693	1.1693	1.1693	1.1693	1.1693	1.1693
0.1287	0.1357	0.341	0.3694	0.3277	0.52	0.5028	0.6179	0.706	0.88	0.9299	1.0356	1.031	1.3217	1.4823	1.4823	1.4823	1.4823	1.4823	1.4823
0.1315	0.1642	0.2493	0.4384	0.4113	0.4352	0.5872	0.5802	0.6758	0.701	0.9513	1.1364	1.0258	1.2807	1.88	1.88	1.88	1.88	1.88	1.88
0.174	0.2297	0.2679	0.4414	0.5496	0.5474	0.6017	0.7452	0.6933	0.7231	0.8584	0.8698	0.9458	0.6759	1.1217	1.1217	1.1217	1.1217	1.1217	1.1217
0.1555	0.278	0.2906	0.3024	0.3735	0.5426	0.572	0.6421	0.8209	0.9403	1.186	1.19	1.3737	1.68	1.6142	1.6142	1.6142	1.6142	1.6142	1.6142
0.1478	0.1388	0.379	0.2786	0.287	0.3621	0.5775	0.5975	0.6369	0.7638	0.982	0.925	1.2407	1.2031	1.4157	1.4157	1.4157	1.4157	1.4157	1.4157
0.14	0.187	0.3189	0.4711	0.3689	0.3731	0.5163	0.6471	0.6884	0.7183	0.9211	1.0924	1.0225	1.45	1.4537	1.4537	1.4537	1.4537	1.4537	1.4537
0.1389	0.2737	0.3047	0.2931	0.5134	0.4386	0.4064	0.5167	0.6263	0.6611	0.6027	0.8758	0.6686	0.8282	1.1264	1.1264	1.1264	1.1264	1.1264	1.1264
0.1378	0.2435	0.3506	0.3906	0.5111	0.5462	0.6076	0.6678	0.53	0.7697	0.8312	2.2	1.1847	1.0166	1.4668	1.4668	1.4668	1.4668	1.4668	1.4668
0.1367	0.2754	0.3697	0.4598	0.5138	0.5437	0.5907	0.721	0.8497	1.0997	0.7185	0.6403	1.0174	1.2051	2.3828	2.3828	2.3828	2.3828	2.3828	2.3828
0.1356	0.2316	0.3473	0.4743	0.5334	0.5817	0.621	0.6406	0.653	0.633	0.7217	0.7354	0.8501	0.975	1.0272	1.0272	1.0272	1.0272	1.0272	1.0272
0.1274	0.2486	0.3384	0.396	0.4539	0.4935	0.5017	0.488	0.5491	0.51	1.263	1.025	0.6135	0.5995	0.685	0.685	0.685	0.685	0.685	0.685
0.1191	0.3	0.3626	0.4469	0.4473	0.5262	0.57	0.6218	0.5598	0.6341	0.485	0.6491	0.73	0.7013	0.7455	0.7455	0.7455	0.7455	0.7455	0.7455
0.1108	0.2682	0.3418	0.4876	0.5367	0.6506	0.6249	0.6597	0.756	0.667	0.7445	0.7998	0.9101	0.6804	0.8008	0.8008	0.8008	0.8008	0.8008	0.8008
0.1007	0.2876	0.3982	0.4674	0.5317	0.5651	0.6509	0.5957	0.6362	0.6049	0.75	0.6756	0.8109	1.4853	0.7509	0.7509	0.7509	0.7509	0.7509	0.7509
0.0906	0.3555	0.4322	0.4931	0.5476	0.5453	0.5833	0.5855	0.6071	0.6315	0.8633	0.5946	0.7118	0.6618	0.8693	0.8693	0.8693	0.8693	0.8693	0.8693
0.0805	0.2091	0.3539	0.5041	0.5172	0.542	0.6412	0.6099	0.6769	0.8078	0.7174	0.81	0.7733	0.751	0.7979	0.7979	0.7979	0.7979	0.7979	0.7979
0.1352	0.2502	0.3455	0.4251	0.5265	0.5569	0.5727	0.6117	0.703	0.665	0.7989	0.7554	0.8787	0.7348	0.8187	0.8187	0.8187	0.8187	0.8187	0.8187
0.1899	0.3216	0.4729	0.5766	0.6598	0.7176	0.7279	0.7539	0.8378	0.8159	0.8814	0.8554	0.9391	0.8744	0.9336	0.9336	0.9336	0.9336	0.9336	0.9336
0.0512	0.2867	0.4843	0.6527	0.6645	0.7469	0.8629	0.8555	0.8802	0.963	0.979	1.0054	1.0494	0.9927	0.9768	0.9768	0.9768	0.9768	0.9768	0.9768
0.0756	0.3583	0.4575	0.6058	0.816	0.7581	0.8488	0.9771	0.9322	0.9176	0.9974	0.989	0.9236	1.125	1.0573	1.0573	1.0573	1.0573	1.0573	1.0573
0.1	0.2551	0.4355	0.5225	0.5885	0.7569	0.6915	0.7469	0.8246	0.7692	0.8887	0.9266	0.7894	0.8414	0.9965	0.9965	0.9965	0.9965	0.9965	0.9965
0.1081	0.2	0.436	0.4807	0.5319	0.6478	0.7068	0.6579	0.7094	0.805	0.8581	0.7715	0.9704	0.8631	0.8959	0.8959	0.8959	0.8959	0.8959	0.8959
0.1162	0.2603	0.4311	0.5086	0.5393	0.5682	0.6336	0.655	0.7027	0.7962	0.8104	0.8109	0.7602	1.1449	0.9678	0.9678	0.9678	0.9678	0.9678	0.9678
0.1324	0.3831	0.4575	0.5341	0.574	0.591	0.5979	0.656	0.6997	0.7259	0.722	0.7753	0.658	0.6399	0.955	0.955	0.955	0.955	0.955	0.955
0.0445	0.2272	0.3776	0.5352	0.553	0.6073	0.6328	0.6475	0.7055	0.7723	0.7627	0.8137	0.8702	0.8008	0.8698	0.8698	0.8698	0.8698	0.8698	0.8698
0.1346	0.244	0.4079	0.563	0.6365	0.6865	0.6818	0.7098	0.7211	0.7488	0.8073	0.8483	0.7755	0.8834	0.8332	0.8332	0.8332	0.8332	0.8332	0.8332
0.0667	0.2448	0.3431	0.4712	0.6371	0.6702	0.6942	0.7463	0.8226	0.7674	0.8139	1.0147	0.8503	0.9582	1.0334	1.0334	1.0334	1.0334	1.0334	1.0334
0.1089	0.2326	0.2918	0.4332	0.5302	0.6582	0.8349	1.0828	1.0276	0.9582	0.8763	0.8524	1.1253	0.72	0.9021	0.9021	0.9021	0.9021	0.9021	0.9021
0.0844	0.2457	0.3219	0.3867	0.5142	0.595	0.6746	0.8534	0.9294	0.978	1.0749	1.0588	1.0279	1.0557	0.9212	0.9212	0.9212	0.9212	0.9212	0.9212
0.129	0.2145	0.3536	0.4094	0.4889	0.6562	0.6907	0.7775	0.9072	0.9633	0.9639	0.9639	0.9889	0.9924	0.9425	0.9425	0.9425	0.9425	0.9425	0.9425
0.1297	0.2874	0.3595	0.4697	0.5104	0.626	0.7165	0.731	0.8313	0.9989	1.0752	1.2303	1.1187	1.0682	1.0545	1.0545	1.0545	1.0545	1.0545	1.0545
0.1028	0.408	0.4686	0.4797	0.5362	0.5741	0.6198	0.659	0.7174	0.695	1.1645	1.015	0.9491	0.9674	1.0579	1.0579	1.0579	1.0579	1.0579	1.0579
0.0759	0.2471	0.3905	0.4445	0.4708	0.5531	0.5948	0.6749	0.6879	0.7179	0.8337	0.9523	1.0185	1.0893	1.2493	1.2493	1.2493	1.2493	1.2493	1.2493
0.1653	0.2439	0.3831	0.4159	0.4406	0.4638	0.5141	0.5164	0.5127	0.648	0.7198	0.5948	0.7756	1.451	1.5802	1.5802	1.5802	1.5802	1.5802	1.5802
#fishery_std
0.01575	0.02987	0.03658	0.06143	0.06306	0.07873	0.08738	0.09678	0.09075	0.097	0.16933	0.15	0.19	0.19555	0.27445	0.27445	0.27445	0.27445	0.27445	0.27445
0.00986	0.02359	0.0499	0.05188	0.06936	0.08038	0.09165	0.12063	0.13335	0.14495	0.16507	0.18066	0.18588	0.19555	0.27445	0.27445	0.27445	0.27445	0.27445	0.27445
0.00855	0.0402	0.04882	0.05902	0.0665	0.07489	0.08272	0.09779	0.11052	0.12341	0.13148	0.14027	0.17511	0.21005	0.22094	0.22094	0.22094	0.22094	0.22094	0.22094
0.00725	0.01275	0.04699	0.05302	0.06026	0.06392	0.07397	0.08422	0.09811	0.10997	0.12459	0.13295	0.14814	0.17419	0.23353	0.23353	0.23353	0.23353	0.23353	0.23353
0.00763	0.0241	0.02587	0.05821	0.06868	0.07677	0.08909	0.09128	0.10369	0.11987	0.12482	0.15326	0.1552	0.1795	0.19817	0.19817	0.19817	0.19817	0.19817	0.19817
0.008	0.02125	0.04529	0.03922	0.04904	0.05166	0.06554	0.07136	0.0874	0.10626	0.11623	0.12898	0.13001	0.12699	0.13961	0.13961	0.13961	0.13961	0.13961	0.13961
0.01074	0.02137	0.03422	0.05264	0.03933	0.05254	0.05462	0.07464	0.07204	0.08231	0.10413	0.10989	0.13449	0.14926	0.12128	0.12128	0.12128	0.12128	0.12128	0.12128
0.01181	0.02465	0.03336	0.03097	0.05496	0.03956	0.05275	0.05629	0.07606	0.06837	0.08539	0.1067	0.08793	0.10186	0.11693	0.11693	0.11693	0.11693	0.11693	0.11693
0.01287	0.01357	0.0341	0.03694	0.03277	0.052	0.05028	0.06179	0.0706	0.088	0.09299	0.10356	0.1031	0.13217	0.14823	0.14823	0.14823	0.14823	0.14823	0.14823
0.01315	0.01642	0.02493	0.04384	0.04113	0.04352	0.05872	0.05802	0.06758	0.0701	0.09513	0.11364	0.10258	0.12807	0.188	0.188	0.188	0.188	0.188	0.188
0.0174	0.02297	0.02679	0.04414	0.05496	0.05474	0.06017	0.07452	0.06933	0.07231	0.08584	0.08698	0.09458	0.06759	0.11217	0.11217	0.11217	0.11217	0.11217	0.11217
0.01555	0.0278	0.02906	0.03024	0.03735	0.05426	0.0572	0.06421	0.08209	0.09403	0.1186	0.119	0.13737	0.168	0.16142	0.16142	0.16142	0.16142	0.16142	0.16142
0.01478	0.01388	0.0379	0.02786	0.0287	0.03621	0.05775	0.05975	0.06369	0.07638	0.0982	0.0925	0.12407	0.12031	0.14157	0.14157	0.14157	0.14157	0.14157	0.14157
0.014	0.0187	0.03189	0.04711	0.03689	0.03731	0.05163	0.06471	0.06884	0.07183	0.09211	0.10924	0.10225	0.145	0.14537	0.14537	0.14537	0.14537	0.14537	0.14537
0.01389	0.02737	0.03047	0.02931	0.05134	0.04386	0.04064	0.05167	0.06263	0.06611	0.06027	0.08758	0.06686	0.08282	0.11264	0.11264	0.11264	0.11264	0.11264	0.11264
0.01378	0.02435	0.03506	0.03906	0.05111	0.05462	0.06076	0.06678	0.053	0.07697	0.08312	0.22	0.11847	0.10166	0.14668	0.14668	0.14668	0.14668	0.14668	0.14668
0.01367	0.02754	0.03697	0.04598	0.05138	0.05437	0.05907	0.0721	0.08497	0.10997	0.07185	0.06403	0.10174	0.12051	0.23828	0.23828	0.23828	0.23828	0.23828	0.23828
0.01356	0.02316	0.03473	0.04743	0.05334	0.05817	0.0621	0.06406	0.0653	0.0633	0.07217	0.07354	0.08501	0.0975	0.10272	0.10272	0.10272	0.10272	0.10272	0.10272
0.01274	0.02486	0.03384	0.0396	0.04539	0.04935	0.05017	0.0488	0.05491	0.051	0.1263	0.1025	0.06135	0.05995	0.0685	0.0685	0.0685	0.0685	0.0685	0.0685
0.01191	0.03	0.03626	0.04469	0.04473	0.05262	0.057	0.06218	0.05598	0.06341	0.0485	0.06491	0.073	0.07013	0.07455	0.07455	0.07455	0.07455	0.07455	0.07455
0.01108	0.02682	0.03418	0.04876	0.05367	0.06506	0.06249	0.06597	0.0756	0.0667	0.07445	0.07998	0.09101	0.06804	0.08008	0.08008	0.08008	0.08008	0.08008	0.08008
0.01007	0.02876	0.03982	0.04674	0.05317	0.05651	0.06509	0.05957	0.06362	0.06049	0.075	0.06756	0.08109	0.14853	0.07509	0.07509	0.07509	0.07509	0.07509	0.07509
0.00906	0.03555	0.04322	0.04931	0.05476	0.05453	0.05833	0.05855	0.06071	0.06315	0.08633	0.05946	0.07118	0.06618	0.08693	0.08693	0.08693	0.08693	0.08693	0.08693
0.00805	0.02091	0.03539	0.05041	0.05172	0.0542	0.06412	0.06099	0.06769	0.08078	0.07174	0.081	0.07733	0.0751	0.07979	0.07979	0.07979	0.07979	0.07979	0.07979
0.01352	0.02502	0.03455	0.04251	0.05265	0.05569	0.05727	0.06117	0.0703	0.0665	0.07989	0.07554	0.08787	0.07348	0.08187	0.08187	0.08187	0.08187	0.08187	0.08187
0.01899	0.03216	0.04729	0.05766	0.06598	0.07176	0.07279	0.07539	0.08378	0.08159	0.08814	0.08554	0.09391	0.08744	0.09336	0.09336	0.09336	0.09336	0.09336	0.09336
0.00512	0.02867	0.04843	0.06527	0.06645	0.07469	0.08629	0.08555	0.08802	0.0963	0.0979	0.10054	0.10494	0.09927	0.09768	0.09768	0.09768	0.09768	0.09768	0.09768
0.00756	0.03583	0.04575	0.06058	0.0816	0.07581	0.08488	0.09771	0.09322	0.09176	0.09974	0.0989	0.09236	0.1125	0.10573	0.10573	0.10573	0.10573	0.10573	0.10573
0.01	0.02551	0.04355	0.05225	0.05885	0.07569	0.06915	0.07469	0.08246	0.07692	0.08887	0.09266	0.07894	0.08414	0.09965	0.09965	0.09965	0.09965	0.09965	0.09965
0.01081	0.02	0.0436	0.04807	0.05319	0.06478	0.07068	0.06579	0.07094	0.0805	0.08581	0.07715	0.09704	0.08631	0.08959	0.08959	0.08959	0.08959	0.08959	0.08959
0.01162	0.02603	0.04311	0.05086	0.05393	0.05682	0.06336	0.0655	0.07027	0.07962	0.08104	0.08109	0.07602	0.11449	0.09678	0.09678	0.09678	0.09678	0.09678	0.09678
0.01324	0.03831	0.04575	0.05341	0.0574	0.0591	0.05979	0.0656	0.06997	0.07259	0.0722	0.07753	0.0658	0.06399	0.0955	0.0955	0.0955	0.0955	0.0955	0.0955
0.00445	0.02272	0.03776	0.05352	0.0553	0.06073	0.06328	0.06475	0.07055	0.07723	0.07627	0.08137	0.08702	0.08008	0.08698	0.08698	0.08698	0.08698	0.08698	0.08698
0.01346	0.0244	0.04079	0.0563	0.06365	0.06865	0.06818	0.07098	0.07211	0.07488	0.08073	0.08483	0.07755	0.08834	0.08332	0.08332	0.08332	0.08332	0.08332	0.08332
0.00667	0.02448	0.03431	0.04712	0.06371	0.06702	0.06942	0.07463	0.08226	0.07674	0.08139	0.10147	0.08503	0.09582	0.10334	0.10334	0.10334	0.10334	0.10334	0.10334
0.01089	0.02326	0.02918	0.04332	0.05302	0.06582	0.08349	0.10828	0.10276	0.09582	0.08763	0.08524	0.11253	0.072	0.09021	0.09021	0.09021	0.09021	0.09021	0.09021
0.00844	0.02457	0.03219	0.03867	0.05142	0.0595	0.06746	0.08534	0.09294	0.0978	0.10749	0.10588	0.10279	0.10557	0.09212	0.09212	0.09212	0.09212	0.09212	0.09212
0.0129	0.02145	0.03536	0.04094	0.04889	0.06562	0.06907	0.07775	0.09072	0.09633	0.09639	0.09639	0.09889	0.09924	0.09425	0.09425	0.09425	0.09425	0.09425	0.09425
0.01297	0.02874	0.03595	0.04697	0.05104	0.0626	0.07165	0.0731	0.08313	0.09989	0.10752	0.12303	0.11187	0.10682	0.10545	0.10545	0.10545	0.10545	0.10545	0.10545
0.01028	0.0408	0.04686	0.04797	0.05362	0.05741	0.06198	0.0659	0.07174	0.0695	0.11645	0.1015	0.09491	0.09674	0.10579	0.10579	0.10579	0.10579	0.10579	0.10579
0.00759	0.02471	0.03905	0.04445	0.04708	0.05531	0.05948	0.06749	0.06879	0.07179	0.08337	0.09523	0.10185	0.10893	0.12493	0.12493	0.12493	0.12493	0.12493	0.12493
0.01653	0.02439	0.03831	0.04159	0.04406	0.04638	0.05141	0.05164	0.05127	0.0648	0.07198	0.05948	0.07756	0.1451	0.15802	0.15802	0.15802	0.15802	0.15802	0.15802
