# Number of parameters = 6 Objective function value = 14.1263  Maximum gradient component = 6.29407e-06
# log_winf:
0.750626516940
# log_vonb:
-2.19682234445
# log_to:
0.532950993112
# b:
2.00000000000
# log_sd_year:
-0.792797247552
# log_sd_cohort:
-0.865646031582
# year_effect:
 -0.0209159140045 0.243737442322 0.832000230667 -0.887305336473 -0.311211054894 -0.238538865285 0.0688730559455 -0.134542652560 0.337133272316 -0.201724009690 0.0945720934085 -0.156727269430 0.439868070606 -0.577933239426 -0.394798815342 0.258230802143 0.862905960926 -0.108819618188 0.290347679057 0.604656934025 -0.173134997532 0.117575373420 0.796150442480 0.328555642017
# cohort_effect:
 -0.0567285767425 -0.0508856362829 0.0449404150981 0.102488630823 0.177444976170 0.0407367082443 0.109179463222 0.0470989203658 -0.0797346998844 -0.206050715863 -0.0693554575666 -0.0759438595743 0.00000000000 0.00000000000 0.0985804860853 -0.00877069276265 1.22887462385 0.211134750162 0.217529089932 0.118527563800 0.216634657520 -0.0439630658884 0.408572996488 0.146472324480 0.355329730032 0.134758476522 0.811959013892 0.236171109921 -0.372791676176 -0.726797451634 0.118688256289 -0.303153324898 -0.545532378155 -0.147963350627 -0.502551817308 -1.07865234938 -0.541786672911
