# Number of parameters = 5 Objective function value = -3.67191  Maximum gradient component = 1.62221e-05
# log_winf:
0.752487360184
# log_vonb:
-2.16817661508
# log_to:
0.526638018685
# b:
2.00000014141
# log_sd_year:
-0.774264065625
# log_sd_cohort:
-1.12932560706
# year_effect:
 -0.0799299440032 0.230555220987 0.859610220536 -0.903751021248 -0.245760432051 -0.244681714061 0.0516036979370 -0.111014641492 0.346292923671 -0.190986494011 0.112171723279 -0.156199080914 0.448982462368 -0.560194487733 -0.372707299606 0.245166247652 0.882581598487 -0.112132958560 0.289795021967 0.623070096259 -0.162554215310 0.108350081569 0.810577788522 0.335890339084 0.00000000000 0.00000000000 0.00000000000
# cohort_effect:
 -0.111017510646 -0.0938035913977 0.0347894507863 0.114144272614 0.217369361794 0.0489827633724 0.141579073897 0.0651133534856 -0.0875396968717 -0.224362626897 -0.0657390714095 -0.0670647701715 0.00000000000 0.00000000000 0.329303648512 1.03074618484 0.215100638918 -0.260884776076 -0.163302041928 0.113000182098 -0.0354523136327 0.287500662333 0.121160998494 0.201132022149 0.113111094875 0.664280762000 0.121692455511 -0.365799710625 -0.261825682076 0.134030376546 -0.127470999094 -0.124388816110 0.0111782665997 -0.557078816020 -0.624549976285 -0.419533717262 -0.346340852696 0.00000000000 0.00000000000 0.00000000000
