#	Datafile	created	in	R																																																				
#cur_yr																																																								
2015																																																								
#styr...good	idea	perhaps	to	have	this	started	well	before	data	to	get	cohort	effects	involved...no	fancy	indexing	to	get	1st-year																																					
#	of	data	indexing	to	work																																																			
1961																																																								
#endyr																																																								
2017																																																								
#N_data_sets																																																								
1																																																								
#N_yrs_data_sets																																																								
55																																																								
																																																								
#yrs_data																																																								
#Fshry																																																								
1961	1962	1963	1964	1965	1966	1967	1968	1969	1970	1971	1972	1973	1974	1975	1976	1977	1978	1979	1980	1981	1982	1983	1984	1985	1986	1987	1988	1989	1990	1991	1992	1993	1994	1995	1996	1997	1998	1999	2000	2001	2002	2003	2004	2005	2006	2007	2008	2009	2010	2011	2012	2013	2014	2015		
#Age_st																																																								
3																																																								
#Age_end																																																								
15																																																								
#fishery																																																								
1.43	2.302	3.348	4.287	5.128	6.155	7.06	7.265	7.497	8.198	9.154	9.6	10																																												
1.273	2.045	3.293	4.191	5.146	5.655	6.469	6.706	7.15	7.903	8.449	8.654	10																																												
1.28	2.197	3.212	4.568	5.056	5.932	6.259	8	7.265	8.551	9.02	9	10																																												
1.175	2.055	3.266	4.255	5.038	5.694	6.662	6.837	7.686	8.348	8.123	9.154	10																																												
1.181	2.125	2.941	4.096	4.878	5.932	6.321	7.288	8.074	7.878	9.479	9.617	10																																												
1.361	2.026	3.055	3.658	4.585	5.52	6.837	7.265	7.662	8.123	10.21	9.728	10																																												
1.273	1.78	2.534	3.572	4.368	5.313	5.812	6.554	7.806	7.591	8.551	7.878	10																																												
1.302	1.737	2.036	3.12	4.049	5.183	6.238	7.52	8.049	8.654	8.298	9.234	10																																												
1.188	1.667	2.302	2.853	3.673	5.002	5.714	6.405	6.554	7.591	7.951	8.373	10																																												
1.244	1.445	2.249	2.853	3.515	4.418	5.444	5.733	6.662	7.31	9.047	9.073	10																																												
1.101	1.316	1.818	2.978	3.702	4.271	5.388	5.972	6.49	7.173	7.38	9.288	10																																												
1.043	1.485	2.055	2.829	3.791	4.175	4.808	5.294	6.948	6.727	7.591	9.315	10																																												
1.088	1.461	1.582	2.249	3.687	4.385	5.128	5.276	6.727	7.311	8.148	7.951	10																																												
1.43	1.525	2.207	2.5	3.12	4.601	5.559	5.714	6.259	6.881	7.758	9.1	10																																												
1.114	1.658	2.26	3.12	3.557	4.096	5.128	6.094	7.196	7.782	8.602	8.81	10																																												
1.088	1.676	2.878	3.081	4.287	4.352	4.79	5.912	6.619	6.619	7.311	7.806	10																																												
1.223	1.641	2.66	3.79	4.239	5.597	5.35	5.912	6.837	6.727	6.948	8.424	10																																												
1.493	2.324	3.068	3.746	4.913	4.368	5.276	5.832	6.053	6.706	7.686	7.219	10																																												
1.22	1.88	2.62	3.4	4.18	4.95	5.69	6.38	7.02	7.26	8.15	8.64	10																																												
1.23	2.12	3.32	4.28	5.16	6.42	6.87	7.09	7.93	8.07	8.59	9.79	10.34																																												
1.31	2.13	3	3.81	4.75	5.25	5.95	6.43	7	7.47	8.14	8.55	10.1																																												
1.337	1.851	2.951	3.577	4.927	6.243	7.232	7.239	8.346	8.345	8.956	9.584	10.33																																												
1.208	2.029	2.965	4.143	4.724	5.901	6.811	7.051	7.248	8.292	9.478	10.893	10.34																																												
1.431	1.953	2.47	3.85	5.177	6.347	7.825	6.746	8.636	8.467	8.556	11.127	10.748																																												
1.401	2.032	2.965	3.596	5.336	7.202	6.966	9.862	10.67	10.46	10.202	9.644	13.232																																												
1.718	1.986	2.618	3.277	4.186	5.589	6.05	6.15	9.536	9.823	7.303	11.869	12.875																																												
1.609	1.835	2.395	3.182	4.067	5.149	5.501	6.626	6.343	10.245	8.491	11.634	10.22																																												
1.5	1.975	1.978	2.937	3.798	4.419	5.115	6.712	9.04	9.364	9.142	10.346	10.086																																												
1.309	1.735	1.907	2.373	3.81	4.667	5.509	5.972	6.939	8.543	9.514	11.73	9.627																																												
1.223	1.633	1.83	2.052	2.866	4.474	5.424	6.469	6.343	8.418	7.383	5.822	9.408																																												
1.24	1.568	1.864	2.211	2.648	3.38	4.816	5.516	6.407	7.395	8.079	7.187	9.756																																												
1.264	1.602	2.069	2.554	3.057	4.078	5.012	6.768	7.754	8.303	7.786	9.575	9.102																																												
1.408	1.86	2.323	3.131	3.73	4.394	5.209	6.54	8.403	7.275	9.414	9.281	10.715																																												
1.503	1.951	2.267	2.936	4.214	4.971	5.657	5.95	6.891	8.752	9.752	8.629	7.349																																												
1.456	2.177	2.42	2.895	3.651	5.064	5.44	6.167	7.08	7.736	7.295	5.885	10.518																																												
1.432	1.875	2.496	3.229	3.744	4.964	6.375	6.745	7.466	7.284	8.47	10.001	10.143																																												
1.476	1.783	2.032	2.778	3.598	4.766	5.982	7.658	7.882	8.539	9.488	10.355	10.523																																												
1.388	1.711	1.954	2.405	3.3	4.22	4.999	6.391	6.665	8.214	8.485	8.668	9.2																																												
1.374	1.712	1.905	2.396	2.845	4.124	5.256	5.526	6.956	8.03	8.349	8.083	10.262																																												
1.477	1.606	2.077	2.36	2.977	3.48	4.851	5.268	6.523	4.727	8.807	8.002	10.427																																												
1.33	1.59	1.785	2.586	3.059	3.871	4.374	5.565	6.703	5.776	7.745	7.773	10																																												
1.142	1.46	1.652	1.969	3.13	3.589	4.513	5.138	6.422	8.026	4.759	11.357	10																																												
1.123	1.304	1.614	1.977	2.532	3.97	4.834	5.499	6.099	6.987	5.961	9.044	10																																												
1.143	1.333	1.45	1.789	2.56	3.159	4.154	5.167	6.015	6.186	7.056	9.391	10																																												
1.148	1.325	1.516	1.672	2.087	2.975	3.79	6.087	6.134	6.651	7.424	9.113	10																																												
1.126	1.218	1.462	1.79	2.035	2.436	3.861	4.222	5.149	6.437	6.905	5.365	10																																												
1.058	1.391	1.413	1.824	2.361	2.682	3.278	4.104	4.998	6.331	7.844	7.971	10																																												
1.146	1.312	1.672	1.816	2.395	2.902	3.1	3.728	4.769	6.072	6.451	7.96	10																																												
0.938	1.485	1.893	2.411	2.601	3.147	3.634	4.024	5.014	5.828	6.308	9.011	10																																												
1.429	1.706	2.166	2.551	3.172	3.411	3.972	4.352	5.083	4.941	5.305	9.011	10																																												
1.111	1.693	2.253	2.918	3.609	4.204	4.531	5.087	5.416	6.087	6.763	7.916	10																																												
1.029	1.334	1.626	2.709	3.785	4.448	4.799	5.207	5.562	6.018	7.143	6.247	10																																												
1.208	1.466	1.778	2.069	3.553	4.292	5.191	5.742	5.919	6.417	7.941	7.154	6.963																																												
1.369	1.724	2.163	2.868	3.325	5.903	5.899	6.877	6.784	7.467	7.121	11.31	10																																												
0.932	1.555	2.091	3.17	4.208	5.032	6.715	7.858	7.428	7.565	7.629	9.87	8.613																																												
# sd																																																								
0.143	0.2302	0.3348	0.4287	0.5128	0.6155	0.706	0.7265	0.7497	0.8198	0.9154	0.96	1																																												
0.1273	0.2045	0.3293	0.4191	0.5146	0.5655	0.6469	0.6706	0.715	0.7903	0.8449	0.8654	1																																												
0.128	0.2197	0.3212	0.4568	0.5056	0.5932	0.6259	0.8	0.7265	0.8551	0.902	0.9	1																																												
0.1175	0.2055	0.3266	0.4255	0.5038	0.5694	0.6662	0.6837	0.7686	0.8348	0.8123	0.9154	1																																												
0.1181	0.2125	0.2941	0.4096	0.4878	0.5932	0.6321	0.7288	0.8074	0.7878	0.9479	0.9617	1																																												
0.1361	0.2026	0.3055	0.3658	0.4585	0.552	0.6837	0.7265	0.7662	0.8123	1.021	0.9728	1																																												
0.1273	0.178	0.2534	0.3572	0.4368	0.5313	0.5812	0.6554	0.7806	0.7591	0.8551	0.7878	1																																												
0.1302	0.1737	0.2036	0.312	0.4049	0.5183	0.6238	0.752	0.8049	0.8654	0.8298	0.9234	1																																												
0.1188	0.1667	0.2302	0.2853	0.3673	0.5002	0.5714	0.6405	0.6554	0.7591	0.7951	0.8373	1																																												
0.1244	0.1445	0.2249	0.2853	0.3515	0.4418	0.5444	0.5733	0.6662	0.731	0.9047	0.9073	1																																												
0.1101	0.1316	0.1818	0.2978	0.3702	0.4271	0.5388	0.5972	0.649	0.7173	0.738	0.9288	1																																												
0.1043	0.1485	0.2055	0.2829	0.3791	0.4175	0.4808	0.5294	0.6948	0.6727	0.7591	0.9315	1																																												
0.1088	0.1461	0.1582	0.2249	0.3687	0.4385	0.5128	0.5276	0.6727	0.7311	0.8148	0.7951	1																																												
0.143	0.1525	0.2207	0.25	0.312	0.4601	0.5559	0.5714	0.6259	0.6881	0.7758	0.91	1																																												
0.1114	0.1658	0.226	0.312	0.3557	0.4096	0.5128	0.6094	0.7196	0.7782	0.8602	0.881	1																																												
0.1088	0.1676	0.2878	0.3081	0.4287	0.4352	0.479	0.5912	0.6619	0.6619	0.7311	0.7806	1																																												
0.1223	0.1641	0.266	0.379	0.4239	0.5597	0.535	0.5912	0.6837	0.6727	0.6948	0.8424	1																																												
0.1493	0.2324	0.3068	0.3746	0.4913	0.4368	0.5276	0.5832	0.6053	0.6706	0.7686	0.7219	1																																												
0.122	0.188	0.262	0.34	0.418	0.495	0.569	0.638	0.702	0.726	0.815	0.864	1																																												
0.123	0.212	0.332	0.428	0.516	0.642	0.687	0.709	0.793	0.807	0.859	0.979	1.034																																												
0.131	0.213	0.3	0.381	0.475	0.525	0.595	0.643	0.7	0.747	0.814	0.855	1.01																																												
0.1337	0.1851	0.2951	0.3577	0.4927	0.6243	0.7232	0.7239	0.8346	0.8345	0.8956	0.9584	1.033																																												
0.1208	0.2029	0.2965	0.4143	0.4724	0.5901	0.6811	0.7051	0.7248	0.8292	0.9478	1.0893	1.034																																												
0.1431	0.1953	0.247	0.385	0.5177	0.6347	0.7825	0.6746	0.8636	0.8467	0.8556	1.1127	1.0748																																												
0.1401	0.2032	0.2965	0.3596	0.5336	0.7202	0.6966	0.9862	1.067	1.046	1.0202	0.9644	1.3232																																												
0.1718	0.1986	0.2618	0.3277	0.4186	0.5589	0.605	0.615	0.9536	0.9823	0.7303	1.1869	1.2875																																												
0.1609	0.1835	0.2395	0.3182	0.4067	0.5149	0.5501	0.6626	0.6343	1.0245	0.8491	1.1634	1.022																																												
0.15	0.1975	0.1978	0.2937	0.3798	0.4419	0.5115	0.6712	0.904	0.9364	0.9142	1.0346	1.0086																																												
0.1309	0.1735	0.1907	0.2373	0.381	0.4667	0.5509	0.5972	0.6939	0.8543	0.9514	1.173	0.9627																																												
0.1223	0.1633	0.183	0.2052	0.2866	0.4474	0.5424	0.6469	0.6343	0.8418	0.7383	0.5822	0.9408																																												
0.124	0.1568	0.1864	0.2211	0.2648	0.338	0.4816	0.5516	0.6407	0.7395	0.8079	0.7187	0.9756																																												
0.1264	0.1602	0.2069	0.2554	0.3057	0.4078	0.5012	0.6768	0.7754	0.8303	0.7786	0.9575	0.9102																																												
0.1408	0.186	0.2323	0.3131	0.373	0.4394	0.5209	0.654	0.8403	0.7275	0.9414	0.9281	1.0715																																												
0.1503	0.1951	0.2267	0.2936	0.4214	0.4971	0.5657	0.595	0.6891	0.8752	0.9752	0.8629	0.7349																																												
0.1456	0.2177	0.242	0.2895	0.3651	0.5064	0.544	0.6167	0.708	0.7736	0.7295	0.5885	1.0518																																												
0.1432	0.1875	0.2496	0.3229	0.3744	0.4964	0.6375	0.6745	0.7466	0.7284	0.847	1.0001	1.0143																																												
0.1476	0.1783	0.2032	0.2778	0.3598	0.4766	0.5982	0.7658	0.7882	0.8539	0.9488	1.0355	1.0523																																												
0.1388	0.1711	0.1954	0.2405	0.33	0.422	0.4999	0.6391	0.6665	0.8214	0.8485	0.8668	0.92																																												
0.1374	0.1712	0.1905	0.2396	0.2845	0.4124	0.5256	0.5526	0.6956	0.803	0.8349	0.8083	1.0262																																												
0.1477	0.1606	0.2077	0.236	0.2977	0.348	0.4851	0.5268	0.6523	0.4727	0.8807	0.8002	1.0427																																												
0.133	0.159	0.1785	0.2586	0.3059	0.3871	0.4374	0.5565	0.6703	0.5776	0.7745	0.7773	1																																												
0.1142	0.146	0.1652	0.1969	0.313	0.3589	0.4513	0.5138	0.6422	0.8026	0.4759	1.1357	1																																												
0.1123	0.1304	0.1614	0.1977	0.2532	0.397	0.4834	0.5499	0.6099	0.6987	0.5961	0.9044	1																																												
0.1143	0.1333	0.145	0.1789	0.256	0.3159	0.4154	0.5167	0.6015	0.6186	0.7056	0.9391	1																																												
0.1148	0.1325	0.1516	0.1672	0.2087	0.2975	0.379	0.6087	0.6134	0.6651	0.7424	0.9113	1																																												
0.1126	0.1218	0.1462	0.179	0.2035	0.2436	0.3861	0.4222	0.5149	0.6437	0.6905	0.5365	1																																												
0.1058	0.1391	0.1413	0.1824	0.2361	0.2682	0.3278	0.4104	0.4998	0.6331	0.7844	0.7971	1																																												
0.1146	0.1312	0.1672	0.1816	0.2395	0.2902	0.31	0.3728	0.4769	0.6072	0.6451	0.796	1																																												
0.0938	0.1485	0.1893	0.2411	0.2601	0.3147	0.3634	0.4024	0.5014	0.5828	0.6308	0.9011	1																																												
0.1429	0.1706	0.2166	0.2551	0.3172	0.3411	0.3972	0.4352	0.5083	0.4941	0.5305	0.9011	1																																												
0.1111	0.1693	0.2253	0.2918	0.3609	0.4204	0.4531	0.5087	0.5416	0.6087	0.6763	0.7916	1																																												
0.1029	0.1334	0.1626	0.2709	0.3785	0.4448	0.4799	0.5207	0.5562	0.6018	0.7143	0.6247	1																																												
0.1208	0.1466	0.1778	0.2069	0.3553	0.4292	0.5191	0.5742	0.5919	0.6417	0.7941	0.7154	0.6963																																												
0.1369	0.1724	0.2163	0.2868	0.3325	0.5903	0.5899	0.6877	0.6784	0.7467	0.7121	1.131	1																																												
0.0932	0.1555	0.2091	0.317	0.4208	0.5032	0.6715	0.7858	0.7428	0.7565	0.7629	0.987	0.8613																																												
