# Datafile created in R 
#cur_yr
2000 
#styr
1970 
#endyr
2017 
#N_data_sets
1 
#styrs
1991 
#endyrs
2014 
#Age_st
3 
#Age_end
15 
#wt_obs
0.2893327 0.4860154 0.6087923 0.7304305 0.8461558 0.8790835 1.018201 1.118302 1.136607 1.23195 1.244181 1.281185 1.242112 
0.3980533 0.4628529 0.6384132 0.7116693 0.8112656 0.9914435 1.031163 1.20318 1.232782 1.279259 1.203162 1.363477 1.458143 
0.4955183 0.6103742 0.6581947 0.7732798 0.9338499 1.051216 1.213822 1.235952 1.39606 1.543895 1.597569 1.650935 1.547581 
0.4023278 0.6494392 0.729104 0.7535562 0.7185244 1.065455 1.384566 1.359314 1.342498 1.37915 1.391932 1.27234 1.331898 
0.3831391 0.4972772 0.7296698 0.8436045 0.8491817 0.9885395 1.247345 1.313067 1.423632 1.430619 1.396746 1.080957 1.320832 
0.326225 0.4223347 0.6758899 0.7915154 0.9473912 0.9582486 1.028866 1.087812 1.386509 1.448898 1.527842 1.741581 1.489198 
0.3221718 0.4778832 0.559031 0.7495591 0.895202 1.076541 1.089714 1.207053 1.351698 1.406513 1.64004 1.400813 1.372701 
0.3686279 0.5824548 0.6257518 0.6176124 0.768345 1.021312 1.15875 1.258028 1.285165 1.471991 1.438042 1.456631 1.497664 
0.4041825 0.5078591 0.6428564 0.6998425 0.7300422 0.8940236 1.032875 1.254254 1.258389 1.401811 0.9844972 0.4829793 1.237928 
0.3572476 0.5244938 0.6298036 0.7291332 0.782233 0.8066073 0.9704487 1.011801 1.250329 1.256735 1.09778 1.146347 1.577367 
0.330278 0.5033252 0.6670678 0.7868822 0.9589479 0.990503 1.061956 1.129891 1.325105 1.42943 1.577537 1.473826 1.495163 
0.3829974 0.5095269 0.6733512 0.7970102 0.9102627 1.026636 1.118379 1.097781 1.293307 1.446024 1.592514 1.334657 1.649128 
0.4858703 0.5523095 0.6489689 0.7667162 0.8641076 0.9544304 1.081134 1.195389 1.210456 1.201767 1.337055 1.368382 1.693973 
0.4050554 0.5834664 0.6413847 0.7642882 0.8897651 0.9216446 1.035335 1.151286 1.111885 1.163293 1.34572 1.243731 1.2241 
0.351951 0.5083354 0.6403857 0.7401451 0.8846431 0.9550281 1.063052 1.072506 1.193855 1.284706 1.245708 1.063255 1.393563 
0.30836 0.4481373 0.6055058 0.7580523 0.8570681 0.952292 1.065264 1.116792 1.214058 1.21201 1.293052 1.431802 1.438941 
0.3471188 0.5087677 0.6408743 0.784225 0.9591544 1.093248 1.188227 1.283532 1.33805 1.502847 1.408057 1.730467 1.532996 
0.3293366 0.5211619 0.6517062 0.7720198 0.9042114 1.050418 1.118808 1.290191 1.434402 1.535801 1.565929 1.884004 1.641559 
0.3426229 0.5250974 0.7155297 0.875174 0.993667 1.131853 1.403561 1.476736 1.593615 1.609742 1.807002 2.12356 2.227094 
0.3802246 0.4893335 0.6659328 0.9055917 1.124187 1.267433 1.350966 1.577322 1.708627 1.924273 1.93975 2.11639 2.288099 
0.2903319 0.508736 0.6654405 0.8084326 0.9752729 1.228073 1.346553 1.517913 1.582509 1.6197 2.152968 1.751592 2.27478 
0.2708265 0.4096887 0.6431886 0.8243003 0.9723159 1.172025 1.306775 1.517269 1.616008 1.643893 1.713105 2.01411 2.118579 
0.2888869 0.4421869 0.5638817 0.781112 1.129809 1.284779 1.425583 1.693515 1.836545 1.804874 1.960809 2.181404 2.197666 
0.3164287 0.4544241 0.6168982 0.7510816 0.8930289 1.153258 1.306957 1.370596 1.686005 1.826316 1.744148 1.678297 2.224585 
#wt_std
0.01785433 0.01367357 0.01120135 0.01275772 0.009304202 0.02592435 0.01387925 0.05377919 0.02264845 0.06011527 0.03577233 0.06276362 0.03740674 
0.003682639 0.01115636 0.0296894 0.02234764 0.02163137 0.01913858 0.02620931 0.02826218 0.03780649 0.04048748 0.1144133 0.05730602 0.06710008 
0.006813669 0.002864515 0.01539629 0.02388292 0.02595629 0.03507855 0.02624038 0.03804573 0.046379 0.07323355 0.09140797 0.12181 0.08562578 
0.02355887 0.009118614 0.005869422 0.02097401 0.04383922 0.103337 0.05504918 0.06455302 0.05130863 0.05424826 0.06341109 0.08306559 0.07114885 
0.01355143 0.01290651 0.01090122 0.005821397 0.01705699 0.03486378 0.06693882 0.06821906 0.06384176 0.1087439 0.05431858 0.3551373 0.07486621 
0.01617684 0.02387138 0.01890621 0.01035661 0.008657184 0.01481415 0.03272077 0.05369582 0.1386936 0.08546579 0.0985422 0.07005826 0.08157593 
0.02596247 0.01267122 0.006316453 0.01180496 0.01248128 0.01451396 0.03324227 0.08409086 0.1027998 0.1265868 0.2337357 0.1224484 0.08401264 
0.01600042 0.0235707 0.01671705 0.005336007 0.01594267 0.02344324 0.02154425 0.04807514 0.08591591 0.1212275 0.1675315 0.174414 0.1699424 
0.00388988 0.006485959 0.01332114 0.01218117 0.005841298 0.01934451 0.03225893 0.04648439 0.1464032 0.236768 0.460728 0.5629361 0.282142 
0.01382507 0.00541795 0.006108109 0.01577096 0.01209765 0.008193474 0.02814815 0.0580583 0.05626884 0.1214151 0.544088 0.7742537 0.5940322 
0.01472661 0.01444883 0.007486537 0.01151577 0.02554757 0.02250331 0.02047419 0.04678729 0.06750355 0.08900099 0.1234253 0.1554318 0.4187616 
0.01276687 0.008035011 0.01126265 0.006991702 0.01242977 0.02437849 0.03043506 0.02952661 0.05758004 0.06705768 0.09985611 0.3173475 0.3388819 
0.004755662 0.009503066 0.008747573 0.01134462 0.01057409 0.01894074 0.0384041 0.05503187 0.05410814 0.06888773 0.1401519 0.290818 0.2293226 
0.01316037 0.004656296 0.00752649 0.01363165 0.01656725 0.01764715 0.03000726 0.07391552 0.0609866 0.05140985 0.1185231 0.150752 0.1456187 
0.01438069 0.005813985 0.00424889 0.007212408 0.01709024 0.02661126 0.02606698 0.04633441 0.08226984 0.06771302 0.1789835 0.3804469 0.3122135 
0.0121922 0.006252998 0.00517888 0.007547934 0.01189048 0.02277865 0.03987845 0.03330918 0.08997422 0.1185783 0.1119094 0.1183805 0.10571 
0.008721726 0.009351636 0.00570241 0.006583765 0.01114754 0.0234872 0.03703579 0.05209607 0.07222001 0.1284703 0.1332408 0.1424427 0.09310268 
0.009607373 0.01017507 0.009798869 0.007043776 0.01177765 0.01684919 0.02465802 0.06220283 0.08418595 0.08762183 0.1031742 0.2188454 0.09932118 
0.006359247 0.008046101 0.02770185 0.01464535 0.01888409 0.02551454 0.0359625 0.05339429 0.12076 0.09791225 0.08993529 0.2904525 0.0916262 
0.02453179 0.003102195 0.008486678 0.0307442 0.02877599 0.03030812 0.04544635 0.04610477 0.07747137 0.08774903 0.1290994 0.1463917 0.1087581 
0.005183648 0.01241067 0.004200152 0.01003849 0.03181144 0.04118454 0.05067435 0.05331846 0.06412421 0.08881129 0.327428 0.1697551 0.2153006 
0.007837121 0.002443774 0.01522505 0.00815781 0.02157296 0.05143797 0.08368302 0.1084239 0.08891459 0.1016128 0.1288317 0.2280785 0.453018 
0.008254054 0.0050819 0.003829194 0.01806914 0.023255 0.03643407 0.07419487 0.08872239 0.0996097 0.1061363 0.1292072 0.2076814 0.1534122 
0.01736097 0.007346723 0.006362669 0.004850122 0.01543278 0.02879134 0.0538214 0.1336206 0.1569793 0.198032 0.153767 0.2256893 0.1564581 
