#	Datafile	created	in	R																																		
#cur_yr																																						
2019																																						
#styr...good	idea	perhaps	to	have	this	started	well	before	data	to	get	cohort	effects	involved...no	fancy	indexing	to	get	1st-year																			
#	of	data	indexing	to	work																																	
1963																																						
#endyr																																						
2021																																						
#N_data_sets																																						
3																																						
#N_yrs_data_sets																																						
39																																						
12																																						
17																																						
#yrs_data																																						
#Fshry																																						
1980	1981	1982	1983	1984	1985	1986	1987	1988	1989	1990	1991	1992	1993	1994	1995	1996	1997	1998	1999	2000	2001	2002	2003	2004	2005	2006	2007	2008	2009	2010	2011	2012	2013	2014	2015	2016	2017	2018
#survey_1																																						
2007	2008	2009	2010	2011	2012	2013	2014	2015	2016	2017	2018																											
#survey_2																																						
1990	1991	1992	1993	1994	1995	1996	1997	1998	1999	2000	2001	2002	2003	2004	2005	2006																						
#Age_st																																						
1																																						
#Age_end																																						
17																																						
#fishery																																						
0.011	0.0206	0.0257	0.0323	0.0354	0.0375	0.0401	0.045	0.0503	0.0557	0.0582	0.0571	0.0774	0.0615	0.093	0.073	0.073																						
0.0124	0.0203	0.0272	0.0339	0.0406	0.0419	0.046	0.0485	0.0542	0.0588	0.0684	0.0683	0.0648	0.1098	0.0745	0.0685	0.0685																						
0.0101	0.0188	0.0278	0.0351	0.0391	0.0433	0.0447	0.0503	0.0521	0.0595	0.0608	0.0674	0.0795	0.0725	0.0842	0.0685	0.09																						
0.012	0.0211	0.032	0.038	0.0439	0.0503	0.0522	0.0561	0.0629	0.0626	0.0695	0.0812	0.0924	0.1033	0.1063	0.0685	0.0923																						
0.0131	0.0222	0.0321	0.04	0.0445	0.051	0.0583	0.0605	0.0592	0.0631	0.0668	0.0818	0.0739	0.0722	0.115	0.064	0.0923																						
0.01	0.0204	0.03	0.0382	0.0421	0.0465	0.0519	0.0563	0.0576	0.0595	0.0635	0.0717	0.0755	0.0713	0.0804	0.0677	0.0945																						
0.0118	0.0183	0.0272	0.0349	0.0398	0.0446	0.0484	0.0504	0.0594	0.0577	0.0627	0.0634	0.0682	0.0814	0.0633	0.0714	0.0757																						
0.0101	0.022	0.0285	0.0348	0.0417	0.0463	0.0513	0.0569	0.0602	0.0611	0.0664	0.0672	0.0664	0.0741	0.09	0.1095	0.1265																						
0.0113	0.0205	0.0319	0.0369	0.0421	0.0479	0.0539	0.0611	0.062	0.0696	0.0716	0.0784	0.077	0.0835	0.0904	0.0815	0.1538																						
0.0124	0.0236	0.0333	0.0416	0.0465	0.0517	0.0556	0.0607	0.0672	0.0645	0.071	0.0757	0.0808	0.0817	0.1167	0.071	0.181																						
0.0098	0.0194	0.0322	0.0388	0.0452	0.0507	0.057	0.0601	0.0685	0.0715	0.0752	0.0934	0.085	0.0788	0.0944	0.0806	0.112																						
0.0122	0.0215	0.0276	0.0355	0.041	0.048	0.0525	0.055	0.0586	0.0638	0.0674	0.0706	0.0721	0.0797	0.0799	0.0902	0.108																						
0.0121	0.02	0.0272	0.0304	0.0398	0.0436	0.0499	0.0538	0.058	0.0648	0.0638	0.0715	0.0648	0.087	0.072	0.0863	0.108																						
0.0109	0.0193	0.0274	0.0311	0.034	0.0439	0.0503	0.0547	0.0596	0.0635	0.0665	0.0708	0.0788	0.093	0.0952	0.109	0.104																						
0.0117	0.021	0.0275	0.0326	0.0357	0.0395	0.0493	0.0557	0.062	0.069	0.0736	0.0699	0.0765	0.0455	0.0845	0.0925	0.0835																						
0.0092	0.019	0.0271	0.0304	0.0352	0.0386	0.0431	0.0522	0.0616	0.0679	0.0764	0.094	0.0873	0.104	0.1023	0.0925	0.0835																						
0.0108	0.017	0.0257	0.0317	0.0344	0.0397	0.044	0.0494	0.0578	0.0643	0.0687	0.0758	0.07	0.098	0.087	0.076	0.0835																						
0.0094	0.0157	0.0231	0.0292	0.0339	0.037	0.0427	0.0472	0.0544	0.0637	0.069	0.0711	0.0906	0.086	0.092	0.0881	0.063																						
0.0078	0.0135	0.0208	0.0279	0.0342	0.0407	0.0444	0.0556	0.0581	0.0666	0.0815	0.0826	0.1116	0.0968	0.1101	0.1002	0.0903																						
0.0079	0.0134	0.0207	0.0264	0.0329	0.0414	0.046	0.0535	0.0573	0.0626	0.0737	0.0793	0.086	0.1033	0.1206	0.1243	0.0903																						
0.0077	0.0143	0.0201	0.025	0.0293	0.0344	0.0388	0.0411	0.0462	0.0563	0.0553	0.0654	0.0709	0.0687	0.0782	0.08	0.1176																						
0.0086	0.0154	0.0221	0.0267	0.0289	0.0326	0.0395	0.0421	0.0471	0.0475	0.0576	0.0616	0.0619	0.0682	0.0776	0.0765	0.088																						
0.0081	0.0158	0.0225	0.0269	0.0306	0.035	0.0387	0.0439	0.0477	0.054	0.0582	0.058	0.0664	0.0747	0.0881	0.0639	0.0934																						
0.0077	0.0161	0.0233	0.0267	0.0305	0.0345	0.0401	0.042	0.0492	0.0567	0.061	0.0619	0.0616	0.0712	0.0852	0.0709	0.0582																						
0.0067	0.0138	0.0204	0.0259	0.03	0.0371	0.0389	0.0433	0.049	0.053	0.0596	0.0593	0.064	0.0727	0.0629	0.0722	0.0734																						
0.0075	0.013	0.0195	0.0248	0.0295	0.0318	0.0386	0.0388	0.0426	0.0446	0.0475	0.0504	0.0445	0.0565	0.0553	0.0583	0.0569																						
0.0082	0.015	0.0194	0.0231	0.0267	0.0326	0.035	0.038	0.0399	0.0433	0.043	0.0448	0.0506	0.0544	0.0509	0.0477	0.058																						
0.0074	0.0148	0.021	0.0248	0.0271	0.0311	0.0355	0.0392	0.0426	0.044	0.048	0.0496	0.0522	0.0516	0.0636	0.0557	0.0649																						
0.009	0.0147	0.021	0.0233	0.0282	0.0285	0.0334	0.0376	0.0404	0.0457	0.0535	0.0474	0.0538	0.0618	0.0514	0.0735	0.0806																						
0.0099	0.0158	0.0206	0.0239	0.0302	0.0311	0.0347	0.0374	0.0411	0.0441	0.0519	0.0508	0.0567	0.0563	0.0561	0.0584	0.0651																						
0.0082	0.0165	0.0225	0.0259	0.0288	0.0349	0.0334	0.0394	0.044	0.0431	0.0502	0.058	0.0549	0.0551	0.0673	0.0522	0.058																						
0.0089	0.016	0.023	0.0268	0.0293	0.0327	0.0363	0.0388	0.0421	0.0427	0.048	0.0495	0.0504	0.0598	0.0528	0.0601	0.061																						
0.0092	0.0165	0.0238	0.0274	0.0303	0.0359	0.0387	0.0408	0.0458	0.0486	0.0503	0.0526	0.0567	0.0571	0.0682	0.0559	0.0662																						
0.0128	0.0204	0.0251	0.0286	0.0322	0.0352	0.0368	0.0385	0.0438	0.0461	0.0463	0.0474	0.0515	0.0534	0.0572	0.0626	0.0658																						
0.0096	0.0182	0.0259	0.0292	0.0326	0.0403	0.0429	0.0455	0.0476	0.0494	0.0486	0.0598	0.0555	0.059	0.0704	0.0717	0.0711																						
0.0134	0.0193	0.0249	0.0294	0.0317	0.0366	0.0394	0.043	0.0444	0.0471	0.0522	0.0508	0.0554	0.0525	0.0544	0.0574	0.0716																						
0.0121	0.0174	0.0227	0.0283	0.0319	0.0348	0.0382	0.0449	0.0484	0.0516	0.0531	0.0539	0.0645	0.066	0.0615	0.0721	0.0772																						
0.0104	0.0176	0.0232	0.0273	0.0319	0.0381	0.039	0.0424	0.0481	0.0534	0.0557	0.0546	0.059	0.0615	0.0666	0.0664	0.0697																						
0.0102	0.0175	0.0244	0.0278	0.0321	0.0365	0.0367	0.0409	0.0465	0.0503	0.0611	0.0491	0.0577	0.0645	0.062	0.0565	0.0694																						
#Survey_1																																						
0.013	0.018	0.023	0.024	0.027	0.032	0.035	0.039	0.041	0.043	0.044	0.047	0.049	0.053	0.059	0.058	0.053																						
0.016	0.02	0.023	0.025	0.028	0.031	0.033	0.038	0.043	0.046	0.051	0.053	0.056	0.053	0.06	0.055	0.061																						
0.015	0.02	0.024	0.024	0.029	0.033	0.034	0.037	0.042	0.044	0.046	0.047	0.052	0.056	0.053	0.055	0.054																						
0.014	0.02	0.024	0.026	0.028	0.032	0.037	0.038	0.04	0.041	0.047	0.05	0.053	0.052	0.052	0.054	0.053																						
0.014	0.02	0.024	0.028	0.03	0.032	0.036	0.04	0.038	0.043	0.045	0.051	0.05	0.052	0.046	0.051	0.057																						
0.015	0.021	0.025	0.028	0.03	0.034	0.035	0.039	0.041	0.043	0.043	0.052	0.07	0.054	0.051	0.046	0.056																						
0.016	0.022	0.026	0.029	0.033	0.035	0.035	0.037	0.042	0.044	0.044	0.045	0.046	0.048	0.052	0.053	0.052																						
0.016	0.023	0.028	0.03	0.035	0.038	0.039	0.04	0.042	0.05	0.045	0.048	0.044	0.051	0.05	0.049	0.046																						
0.014	0.021	0.025	0.029	0.034	0.035	0.036	0.039	0.041	0.043	0.044	0.048	0.051	0.046	0.057	0.049	0.062																						
0.016	0.022	0.026	0.03	0.034	0.037	0.04	0.044	0.047	0.046	0.05	0.048	0.049	0.051	0.058	0.049	0.061																						
0.017	0.023	0.028	0.03	0.034	0.037	0.04	0.044	0.047	0.047	0.048	0.051	0.051	0.056	0.053	0.058	0.059																						
0.015	0.022	0.026	0.03	0.033	0.035	0.04	0.042	0.044	0.047	0.049	0.048	0.048	0.057	0.055	0.052	0.058																						
#Survey_1																																						
0.01	0.019	0.032	0.039	0.046	0.051	0.059	0.061	0.07	0.092	0.135	0.101	0.101	0.101	0.094	0.081	0.112																						
0.012	0.021	0.027	0.035	0.042	0.048	0.054	0.058	0.062	0.068	0.107	0.069	0.067	0.096	0.08	0.09	0.108																						
0.012	0.02	0.027	0.03	0.04	0.043	0.048	0.055	0.062	0.058	0.064	0.061	0.063	0.079	0.072	0.086	0.108																						
0.011	0.019	0.025	0.03	0.033	0.041	0.051	0.053	0.064	0.065	0.064	0.085	0.07	0.12	0.095	0.109	0.104																						
0.012	0.021	0.026	0.031	0.034	0.038	0.047	0.055	0.063	0.064	0.07	0.085	0.07	0.124	0.085	0.093	0.084																						
0.009	0.019	0.027	0.03	0.035	0.038	0.042	0.05	0.057	0.061	0.071	0.109	0.076	0.127	0.102	0.093	0.084																						
0.011	0.017	0.025	0.031	0.034	0.039	0.044	0.049	0.055	0.061	0.086	0.067	0.075	0.11	0.087	0.076	0.084																						
0.009	0.016	0.022	0.027	0.031	0.036	0.04	0.045	0.065	0.043	0.074	0.068	0.092	0.079	0.092	0.088	0.063																						
0.008	0.013	0.02	0.024	0.032	0.041	0.048	0.06	0.054	0.041	0.077	0.067	0.092	0.079	0.11	0.1	0.09																						
0.008	0.013	0.021	0.023	0.031	0.042	0.052	0.038	0.06	0.062	0.063	0.065	0.092	0.047	0.121	0.124	0.09																						
0.008	0.014	0.021	0.024	0.029	0.041	0.047	0.047	0.086	0.069	0.085	0.083	0.108	0.103	0.078	0.08	0.118																						
0.009	0.015	0.021	0.024	0.028	0.041	0.041	0.055	0.048	0.047	0.07	0.061	0.068	0.097	0.078	0.077	0.088																						
0.008	0.016	0.022	0.029	0.028	0.036	0.038	0.042	0.051	0.052	0.053	0.045	0.055	0.09	0.088	0.064	0.093																						
0.008	0.016	0.022	0.026	0.024	0.039	0.041	0.046	0.043	0.058	0.058	0.054	0.064	0.082	0.085	0.071	0.058																						
0.007	0.014	0.021	0.024	0.02	0.041	0.045	0.049	0.062	0.065	0.063	0.064	0.073	0.074	0.063	0.072	0.073																						
0.007	0.013	0.018	0.027	0.028	0.027	0.057	0.064	0.049	0.058	0.062	0.07	0.064	0.066	0.055	0.058	0.057																						
0.008	0.015	0.015	0.022	0.027	0.031	0.042	0.041	0.04	0.041	0.062	0.05	0.064	0.058	0.051	0.048	0.058																						
#fishery	0.1																																					
0.0011	0.00206	0.00257	0.00323	0.00354	0.00375	0.00401	0.0045	0.00503	0.00557	0.00582	0.00571	0.00774	0.00615	0.0093	0.0073	0.0073																						
0.00124	0.00203	0.00272	0.00339	0.00406	0.00419	0.0046	0.00485	0.00542	0.00588	0.00684	0.00683	0.00648	0.01098	0.00745	0.00685	0.00685																						
0.00101	0.00188	0.00278	0.00351	0.00391	0.00433	0.00447	0.00503	0.00521	0.00595	0.00608	0.00674	0.00795	0.00725	0.00842	0.00685	0.009																						
0.0012	0.00211	0.0032	0.0038	0.00439	0.00503	0.00522	0.00561	0.00629	0.00626	0.00695	0.00812	0.00924	0.01033	0.01063	0.00685	0.00923																						
0.00131	0.00222	0.00321	0.004	0.00445	0.0051	0.00583	0.00605	0.00592	0.00631	0.00668	0.00818	0.00739	0.00722	0.0115	0.0064	0.00923																						
0.001	0.00204	0.003	0.00382	0.00421	0.00465	0.00519	0.00563	0.00576	0.00595	0.00635	0.00717	0.00755	0.00713	0.00804	0.00677	0.00945																						
0.00118	0.00183	0.00272	0.00349	0.00398	0.00446	0.00484	0.00504	0.00594	0.00577	0.00627	0.00634	0.00682	0.00814	0.00633	0.00714	0.00757																						
0.00101	0.0022	0.00285	0.00348	0.00417	0.00463	0.00513	0.00569	0.00602	0.00611	0.00664	0.00672	0.00664	0.00741	0.009	0.01095	0.01265																						
0.00113	0.00205	0.00319	0.00369	0.00421	0.00479	0.00539	0.00611	0.0062	0.00696	0.00716	0.00784	0.0077	0.00835	0.00904	0.00815	0.01538																						
0.00124	0.00236	0.00333	0.00416	0.00465	0.00517	0.00556	0.00607	0.00672	0.00645	0.0071	0.00757	0.00808	0.00817	0.01167	0.0071	0.0181																						
0.00098	0.00194	0.00322	0.00388	0.00452	0.00507	0.0057	0.00601	0.00685	0.00715	0.00752	0.00934	0.0085	0.00788	0.00944	0.00806	0.0112																						
0.00122	0.00215	0.00276	0.00355	0.0041	0.0048	0.00525	0.0055	0.00586	0.00638	0.00674	0.00706	0.00721	0.00797	0.00799	0.00902	0.0108																						
0.00121	0.002	0.00272	0.00304	0.00398	0.00436	0.00499	0.00538	0.0058	0.00648	0.00638	0.00715	0.00648	0.0087	0.0072	0.00863	0.0108																						
0.00109	0.00193	0.00274	0.00311	0.0034	0.00439	0.00503	0.00547	0.00596	0.00635	0.00665	0.00708	0.00788	0.0093	0.00952	0.0109	0.0104																						
0.00117	0.0021	0.00275	0.00326	0.00357	0.00395	0.00493	0.00557	0.0062	0.0069	0.00736	0.00699	0.00765	0.00455	0.00845	0.00925	0.00835																						
0.00092	0.0019	0.00271	0.00304	0.00352	0.00386	0.00431	0.00522	0.00616	0.00679	0.00764	0.0094	0.00873	0.0104	0.01023	0.00925	0.00835																						
0.00108	0.0017	0.00257	0.00317	0.00344	0.00397	0.0044	0.00494	0.00578	0.00643	0.00687	0.00758	0.007	0.0098	0.0087	0.0076	0.00835																						
0.00094	0.00157	0.00231	0.00292	0.00339	0.0037	0.00427	0.00472	0.00544	0.00637	0.0069	0.00711	0.00906	0.0086	0.0092	0.00881	0.0063																						
0.00078	0.00135	0.00208	0.00279	0.00342	0.00407	0.00444	0.00556	0.00581	0.00666	0.00815	0.00826	0.01116	0.00968	0.01101	0.01002	0.00903																						
0.00079	0.00134	0.00207	0.00264	0.00329	0.00414	0.0046	0.00535	0.00573	0.00626	0.00737	0.00793	0.0086	0.01033	0.01206	0.01243	0.00903																						
0.00077	0.00143	0.00201	0.0025	0.00293	0.00344	0.00388	0.00411	0.00462	0.00563	0.00553	0.00654	0.00709	0.00687	0.00782	0.008	0.01176																						
0.00086	0.00154	0.00221	0.00267	0.00289	0.00326	0.00395	0.00421	0.00471	0.00475	0.00576	0.00616	0.00619	0.00682	0.00776	0.00765	0.0088																						
0.00081	0.00158	0.00225	0.00269	0.00306	0.0035	0.00387	0.00439	0.00477	0.0054	0.00582	0.0058	0.00664	0.00747	0.00881	0.00639	0.00934																						
0.00077	0.00161	0.00233	0.00267	0.00305	0.00345	0.00401	0.0042	0.00492	0.00567	0.0061	0.00619	0.00616	0.00712	0.00852	0.00709	0.00582																						
0.00067	0.00138	0.00204	0.00259	0.003	0.00371	0.00389	0.00433	0.0049	0.0053	0.00596	0.00593	0.0064	0.00727	0.00629	0.00722	0.00734																						
0.00075	0.0013	0.00195	0.00248	0.00295	0.00318	0.00386	0.00388	0.00426	0.00446	0.00475	0.00504	0.00445	0.00565	0.00553	0.00583	0.00569																						
0.00082	0.0015	0.00194	0.00231	0.00267	0.00326	0.0035	0.0038	0.00399	0.00433	0.0043	0.00448	0.00506	0.00544	0.00509	0.00477	0.0058																						
0.00074	0.00148	0.0021	0.00248	0.00271	0.00311	0.00355	0.00392	0.00426	0.0044	0.0048	0.00496	0.00522	0.00516	0.00636	0.00557	0.00649																						
0.0009	0.00147	0.0021	0.00233	0.00282	0.00285	0.00334	0.00376	0.00404	0.00457	0.00535	0.00474	0.00538	0.00618	0.00514	0.00735	0.00806																						
0.00099	0.00158	0.00206	0.00239	0.00302	0.00311	0.00347	0.00374	0.00411	0.00441	0.00519	0.00508	0.00567	0.00563	0.00561	0.00584	0.00651																						
0.00082	0.00165	0.00225	0.00259	0.00288	0.00349	0.00334	0.00394	0.0044	0.00431	0.00502	0.0058	0.00549	0.00551	0.00673	0.00522	0.0058																						
0.00089	0.0016	0.0023	0.00268	0.00293	0.00327	0.00363	0.00388	0.00421	0.00427	0.0048	0.00495	0.00504	0.00598	0.00528	0.00601	0.0061																						
0.00092	0.00165	0.00238	0.00274	0.00303	0.00359	0.00387	0.00408	0.00458	0.00486	0.00503	0.00526	0.00567	0.00571	0.00682	0.00559	0.00662																						
0.00128	0.00204	0.00251	0.00286	0.00322	0.00352	0.00368	0.00385	0.00438	0.00461	0.00463	0.00474	0.00515	0.00534	0.00572	0.00626	0.00658																						
0.00096	0.00182	0.00259	0.00292	0.00326	0.00403	0.00429	0.00455	0.00476	0.00494	0.00486	0.00598	0.00555	0.0059	0.00704	0.00717	0.00711																						
0.00134	0.00193	0.00249	0.00294	0.00317	0.00366	0.00394	0.0043	0.00444	0.00471	0.00522	0.00508	0.00554	0.00525	0.00544	0.00574	0.00716																						
0.00121	0.00174	0.00227	0.00283	0.00319	0.00348	0.00382	0.00449	0.00484	0.00516	0.00531	0.00539	0.00645	0.0066	0.00615	0.00721	0.00772																						
0.00104	0.00176	0.00232	0.00273	0.00319	0.00381	0.0039	0.00424	0.00481	0.00534	0.00557	0.00546	0.0059	0.00615	0.00666	0.00664	0.00697																						
0.00102	0.00175	0.00244	0.00278	0.00321	0.00365	0.00367	0.00409	0.00465	0.00503	0.00611	0.00491	0.00577	0.00645	0.0062	0.00565	0.00694																						
#Survey_1																																						
0.0013	0.0018	0.0023	0.0024	0.0027	0.0032	0.0035	0.0039	0.0041	0.0043	0.0044	0.0047	0.0049	0.0053	0.0059	0.0058	0.0053																						
0.0016	0.002	0.0023	0.0025	0.0028	0.0031	0.0033	0.0038	0.0043	0.0046	0.0051	0.0053	0.0056	0.0053	0.006	0.0055	0.0061																						
0.0015	0.002	0.0024	0.0024	0.0029	0.0033	0.0034	0.0037	0.0042	0.0044	0.0046	0.0047	0.0052	0.0056	0.0053	0.0055	0.0054																						
0.0014	0.002	0.0024	0.0026	0.0028	0.0032	0.0037	0.0038	0.004	0.0041	0.0047	0.005	0.0053	0.0052	0.0052	0.0054	0.0053																						
0.0014	0.002	0.0024	0.0028	0.003	0.0032	0.0036	0.004	0.0038	0.0043	0.0045	0.0051	0.005	0.0052	0.0046	0.0051	0.0057																						
0.0015	0.0021	0.0025	0.0028	0.003	0.0034	0.0035	0.0039	0.0041	0.0043	0.0043	0.0052	0.007	0.0054	0.0051	0.0046	0.0056																						
0.0016	0.0022	0.0026	0.0029	0.0033	0.0035	0.0035	0.0037	0.0042	0.0044	0.0044	0.0045	0.0046	0.0048	0.0052	0.0053	0.0052																						
0.0016	0.0023	0.0028	0.003	0.0035	0.0038	0.0039	0.004	0.0042	0.005	0.0045	0.0048	0.0044	0.0051	0.005	0.0049	0.0046																						
0.0014	0.0021	0.0025	0.0029	0.0034	0.0035	0.0036	0.0039	0.0041	0.0043	0.0044	0.0048	0.0051	0.0046	0.0057	0.0049	0.0062																						
0.0016	0.0022	0.0026	0.003	0.0034	0.0037	0.004	0.0044	0.0047	0.0046	0.005	0.0048	0.0049	0.0051	0.0058	0.0049	0.0061																						
0.0017	0.0023	0.0028	0.003	0.0034	0.0037	0.004	0.0044	0.0047	0.0047	0.0048	0.0051	0.0051	0.0056	0.0053	0.0058	0.0059																						
0.0015	0.0022	0.0026	0.003	0.0033	0.0035	0.004	0.0042	0.0044	0.0047	0.0049	0.0048	0.0048	0.0057	0.0055	0.0052	0.0058																						
#Survey_1	0.15																																					
0.0015	0.00285	0.0048	0.00585	0.0069	0.00765	0.00885	0.00915	0.0105	0.0138	0.02025	0.01515	0.01515	0.01515	0.0141	0.01215	0.0168																						
0.0018	0.00315	0.00405	0.00525	0.0063	0.0072	0.0081	0.0087	0.0093	0.0102	0.01605	0.01035	0.01005	0.0144	0.012	0.0135	0.0162																						
0.0018	0.003	0.00405	0.0045	0.006	0.00645	0.0072	0.00825	0.0093	0.0087	0.0096	0.00915	0.00945	0.01185	0.0108	0.0129	0.0162																						
0.00165	0.00285	0.00375	0.0045	0.00495	0.00615	0.00765	0.00795	0.0096	0.00975	0.0096	0.01275	0.0105	0.018	0.01425	0.01635	0.0156																						
0.0018	0.00315	0.0039	0.00465	0.0051	0.0057	0.00705	0.00825	0.00945	0.0096	0.0105	0.01275	0.0105	0.0186	0.01275	0.01395	0.0126																						
0.00135	0.00285	0.00405	0.0045	0.00525	0.0057	0.0063	0.0075	0.00855	0.00915	0.01065	0.01635	0.0114	0.01905	0.0153	0.01395	0.0126																						
0.00165	0.00255	0.00375	0.00465	0.0051	0.00585	0.0066	0.00735	0.00825	0.00915	0.0129	0.01005	0.01125	0.0165	0.01305	0.0114	0.0126																						
0.00135	0.0024	0.0033	0.00405	0.00465	0.0054	0.006	0.00675	0.00975	0.00645	0.0111	0.0102	0.0138	0.01185	0.0138	0.0132	0.00945																						
0.0012	0.00195	0.003	0.0036	0.0048	0.00615	0.0072	0.009	0.0081	0.00615	0.01155	0.01005	0.0138	0.01185	0.0165	0.015	0.0135																						
0.0012	0.00195	0.00315	0.00345	0.00465	0.0063	0.0078	0.0057	0.009	0.0093	0.00945	0.00975	0.0138	0.00705	0.01815	0.0186	0.0135																						
0.0012	0.0021	0.00315	0.0036	0.00435	0.00615	0.00705	0.02055	0.0129	0.01035	0.01275	0.01245	0.0162	0.01545	0.0117	0.012	0.0177																						
0.00135	0.00225	0.00315	0.0036	0.0042	0.00615	0.00615	0.00825	0.0072	0.00705	0.0105	0.00915	0.0102	0.01455	0.0117	0.01155	0.0132																						
0.0012	0.0024	0.0033	0.00435	0.0042	0.0054	0.0057	0.0063	0.00765	0.0078	0.00795	0.00675	0.00825	0.0135	0.0132	0.0096	0.01395																						
0.0012	0.0024	0.0033	0.0039	0.0036	0.00585	0.00615	0.0069	0.00645	0.0087	0.0087	0.0081	0.0096	0.0123	0.01275	0.01065	0.0087																						
0.00105	0.0021	0.00315	0.0036	0.003	0.00615	0.00675	0.00735	0.0093	0.00975	0.00945	0.0096	0.01095	0.0111	0.00945	0.0108	0.01095																						
0.00105	0.00195	0.0027	0.00405	0.0042	0.00405	0.00855	0.0096	0.00735	0.0087	0.0093	0.0105	0.0096	0.0099	0.00825	0.0087	0.00855																						
0.0012	0.00225	0.00225	0.0033	0.00405	0.00465	0.0063	0.00615	0.006	0.00615	0.0093	0.0075	0.0096	0.0087	0.00765	0.0072	0.0087																						
