# Number of parameters = 39 Objective function value = 2421.15640636266  Maximum gradient component = 5.92714630798241e-06
# L1:
8.57677172755
# L2:
15.7780486646
# log_alpha:
-11.0000000000
# log_K:
-0.180897907555
# d_scale:
 1.43330213405 1.34129275475 1.20108858743 1.05859401365 1.00498728992 0.968858284043 0.922914845586 0.920587120276 0.915478489217 0.914280775948 0.903233271335 0.923929344568 0.925343589493 0.915028826514 0.913687107893 0.867767304659 0.891987983676
 0.914059126351 1.05894357486 1.08549655473 1.01022765696 0.916811679334 0.983856731957 1.00758714511 0.982914186582 1.03157197665 0.941018166438 1.09153702017 0.996848383869 1.01884939095 1.09923349836 1.08063805368 1.04201774388 1.01873038326
# log_sd_coh:
-2.01624699213
# log_sd_yr:
-1.36772394577
# coh_eff:
 0.00000000000 -0.00333834466565 -0.160165032142 0.388398724636 -0.250386988692 0.730721175383 -0.365061603319 0.243685554803 0.263985765338 -0.106912112917 0.326530771036 -0.391237123520 -0.109559163689 -0.0537240009478 0.184322696140 0.176031514084 0.408453819384 0.107863787591 0.278168289579 0.253311915473 1.35829329460 1.72137393148 0.292140708816 0.542251516767 -0.0541860869608 0.888879263343 0.917015622472 0.360046307372 1.01248956259 0.783718938288 0.731629249214 0.880412069845 -0.315796301268 0.171585120062 -0.802880791059 -1.28542113389 -1.08904221739 -1.44757489185 -0.799827375189 -1.15265244031 -1.36442057759 -2.00474335139 -1.62943193900 -1.49570666035 -1.39601672931 -0.366186334500 -0.172622743979 -0.820561185387 -0.599465039376 -0.101082457450 0.644014392104 0.141383544140 0.321738095880 0.560951894147 0.217532769168 0.00000000000 0.00000000000 0.00000000000 0.00000000000
# yr_eff:
 0.00000000000 0.00000000000 -0.00332834965580 -0.160054276496 0.202044449225 -0.0442497603087 0.733102034258 0.278763790732 0.540199214013 0.893892061916 0.708024931844 1.15545101545 0.470430578750 0.243646823837 0.106252127346 0.240798941257 0.410765265116 0.941042646305 1.81738751063 0.384523428027 1.85252541835 0.947648673346 -0.00923237690870 0.582108758723 1.67596492228 1.57080153231 2.14679769268 0.407174049738 0.504887841693 -0.0199376641892 0.0350090920452 0.547209942889 -0.0400593403147 0.131057736757 -0.702222050559 -0.918308287906 -0.673570938476 -0.496849430865 -0.0759414658890 -0.105079253717 -0.410717949457 -1.20907295406 -1.15353083378 -0.510936320239 -0.533646554839 -0.288308521418 -0.488480297735 -0.508725043543 -0.260633642954 0.0279128449928 0.351655641617 0.101834366339 -0.484687079758 0.0436877499385 0.0863814955815 0.00000000000 0.00000000000 0.00000000000 0.00000000000
