# Datafile created in R 
#cur_yr
2015 
#styr
1970 
#endyr
2017 
#N_data_sets
1 
#styrs
1991  
#endyrs
2014 
#Age_st
3 
#Age_end
15 
#wt_obs
0.289332681	0.486015405	0.608792325	0.730430466	0.846155805	0.879083523	1.018201022	1.118302355	1.136607237	1.23195033	1.244180911	1.281184815	1.242111742
0.398053303	0.46285288	0.638413189	0.71166932	0.811265564	0.991443518	1.031163232	1.20317979	1.232781822	1.279259329	1.203162162	1.363476717	1.458142953
0.495518324	0.610374195	0.658194711	0.773279801	0.933849942	1.051215965	1.213821782	1.235951862	1.39605981	1.543895095	1.597568679	1.650934695	1.547580671
0.402327793	0.649439165	0.729103968	0.753556241	0.718524375	1.065454672	1.384565916	1.359314074	1.342497968	1.37914955	1.391931902	1.27234036	1.331897928
0.383139107	0.497277241	0.729669796	0.843604526	0.849181728	0.98853951	1.24734483	1.313067267	1.423631752	1.430619429	1.396746066	1.080956707	1.320832382
0.32622504	0.422334695	0.675889912	0.791515417	0.947391248	0.958248619	1.028865947	1.087812268	1.386508915	1.448897768	1.527842312	1.741580501	1.489198338
0.322171839	0.477883177	0.559031046	0.749559063	0.895201986	1.076541281	1.089714202	1.207053445	1.351698418	1.406512503	1.64004042	1.400813483	1.372700801
0.368627887	0.582454837	0.625751791	0.617612384	0.768345025	1.021312305	1.15875033	1.258028288	1.285165345	1.471990871	1.438042202	1.456631031	1.497663704
0.404182466	0.507859141	0.642856391	0.699842495	0.730042224	0.894023636	1.032875313	1.254253784	1.258389029	1.401811111	0.984497194	0.482979289	1.237928498
0.357247564	0.524493793	0.629803554	0.729133183	0.782233	0.806607273	0.970448736	1.011800819	1.250329399	1.256734893	1.097779581	1.146346827	1.577367067
0.330278018	0.503325182	0.66706776	0.786882235	0.958947902	0.99050299	1.061956066	1.129890781	1.325105495	1.42943042	1.577536517	1.473825526	1.495163123
0.382997353	0.509526899	0.673351229	0.797010167	0.910262731	1.026635599	1.118378969	1.09778127	1.293307387	1.446023774	1.592513874	1.33465689	1.649127588
0.485870283	0.552309533	0.648968932	0.766716194	0.864107621	0.954430425	1.081134053	1.195388849	1.210455966	1.201766617	1.337054894	1.368381598	1.693972833
0.405055354	0.583466393	0.641384746	0.764288203	0.889765117	0.921644629	1.03533483	1.151285733	1.111885457	1.16329269	1.345719956	1.243731136	1.224100313
0.351950956	0.508335419	0.640385697	0.740145146	0.884643104	0.955028076	1.063052368	1.072506066	1.193854925	1.284705636	1.245707948	1.063255118	1.393563252
0.308360002	0.44813728	0.605505771	0.758052334	0.857068087	0.952292003	1.065264188	1.116792052	1.21405811	1.212010305	1.293051832	1.431801963	1.438940801
0.347118791	0.508767715	0.640874273	0.78422502	0.959154404	1.093247798	1.188226527	1.283532302	1.33804954	1.502846817	1.408056878	1.730466507	1.532995746
0.329336602	0.52116195	0.651706217	0.772019802	0.904211428	1.050418328	1.118808088	1.290190761	1.434402242	1.535801081	1.565929029	1.884004144	1.641559309
0.342622941	0.525097415	0.715529704	0.875174025	0.993667017	1.131853063	1.403560991	1.476735736	1.593614725	1.609741512	1.807002312	2.12355989	2.227094144
0.380224556	0.489333545	0.665932841	0.905591667	1.124186787	1.267432853	1.350966256	1.577321862	1.708627057	1.924272753	1.93974972	2.11639001	2.288098909
0.290331894	0.508736039	0.665440515	0.808432614	0.97527292	1.228073083	1.346553013	1.517912713	1.582509399	1.61970047	2.152968028	1.751592412	2.27478032
0.270826456	0.409688658	0.643188616	0.824300331	0.972315929	1.172025265	1.306775155	1.517269259	1.616008318	1.643893413	1.713104635	2.01411003	2.118579309
0.288886861	0.442186864	0.563881716	0.781112008	1.129808669	1.284779459	1.425583063	1.693514725	1.836544985	1.804874204	1.960809469	2.181404414	2.197666276
0.316428707	0.454424084	0.616898174	0.751081554	0.893028863	1.153257778	1.306957057	1.370595747	1.686004865	1.826315916	1.744147908	1.678297027	2.224585295
#wt_std
0.017854335	0.013673572	0.01120135	0.012757717	0.009304202	0.025924353	0.013879252	0.053779186	0.02264845	0.060115267	0.035772326	0.062763619	0.037406742
0.003682639	0.011156356	0.029689396	0.022347639	0.02163137	0.019138585	0.026209307	0.028262184	0.037806492	0.040487475	0.114413289	0.057306022	0.067100083
0.006813669	0.002864515	0.015396286	0.023882924	0.02595629	0.035078555	0.026240376	0.03804573	0.046378997	0.073233548	0.091407969	0.12181001	0.085625785
0.023558868	0.009118614	0.005869422	0.020974012	0.043839216	0.103336968	0.05504918	0.064553025	0.051308634	0.054248259	0.06341109	0.083065586	0.071148851
0.013551426	0.01290651	0.010901224	0.005821397	0.017056992	0.034863784	0.066938825	0.068219059	0.063841763	0.108743933	0.054318579	0.355137312	0.074866214
0.016176837	0.023871379	0.018906208	0.010356611	0.008657184	0.014814154	0.032720768	0.05369582	0.138693594	0.08546579	0.098542204	0.070058256	0.081575933
0.025962473	0.012671216	0.006316453	0.011804963	0.012481281	0.014513958	0.033242271	0.084090861	0.102799764	0.126586831	0.233735656	0.122448399	0.084012645
0.016000421	0.0235707	0.01671705	0.005336007	0.015942673	0.023443237	0.021544247	0.048075136	0.085915907	0.121227509	0.167531526	0.174414036	0.169942443
0.00388988	0.006485959	0.013321139	0.012181172	0.005841298	0.019344515	0.032258931	0.046484387	0.146403217	0.236768027	0.460727959	0.562936079	0.28214205
0.013825068	0.00541795	0.006108109	0.015770964	0.012097652	0.008193474	0.028148154	0.058058298	0.056268839	0.12141506	0.544087989	0.774253705	0.594032174
0.014726611	0.014448831	0.007486537	0.011515773	0.025547567	0.022503313	0.020474187	0.046787295	0.067503547	0.089000985	0.123425261	0.155431767	0.418761589
0.012766866	0.008035011	0.011262649	0.006991702	0.012429768	0.024378489	0.030435062	0.029526606	0.057580042	0.067057677	0.099856106	0.317347531	0.338881883
0.004755662	0.009503066	0.008747573	0.011344618	0.010574086	0.01894074	0.038404101	0.055031869	0.054108136	0.068887734	0.140151934	0.290818009	0.229322647
0.013160373	0.004656296	0.00752649	0.013631651	0.016567253	0.017647148	0.03000726	0.073915525	0.0609866	0.051409848	0.118523138	0.150752032	0.145618747
0.01438069	0.005813985	0.00424889	0.007212408	0.017090242	0.02661126	0.026066979	0.046334409	0.082269841	0.067713017	0.178983533	0.380446943	0.312213488
0.012192199	0.006252998	0.00517888	0.007547934	0.011890476	0.022778648	0.039878449	0.033309185	0.089974218	0.118578291	0.111909358	0.118380456	0.105710045
0.008721726	0.009351636	0.00570241	0.006583765	0.011147541	0.023487202	0.037035785	0.052096074	0.072220009	0.128470283	0.133240822	0.142442655	0.093102682
0.009607373	0.010175074	0.009798869	0.007043776	0.011777646	0.016849194	0.024658018	0.062202826	0.084185954	0.087621833	0.103174163	0.218845366	0.09932118
0.006359247	0.008046101	0.027701851	0.014645352	0.018884086	0.025514537	0.035962502	0.053394288	0.120760002	0.097912252	0.089935293	0.290452482	0.091626199
0.02453179	0.003102195	0.008486678	0.030744196	0.028775995	0.030308122	0.045446347	0.046104771	0.07747137	0.087749026	0.12909938	0.146391747	0.108758056
0.005183648	0.012410673	0.004200152	0.010038493	0.031811441	0.041184537	0.050674346	0.053318456	0.064124214	0.088811287	0.327428	0.169755086	0.215300629
0.007837121	0.002443774	0.015225047	0.00815781	0.021572956	0.051437975	0.083683019	0.108423871	0.088914589	0.101612791	0.128831711	0.228078512	0.453018032
0.008254054	0.0050819	0.003829194	0.018069143	0.023254998	0.036434065	0.074194874	0.088722391	0.099609701	0.106136284	0.129207166	0.207681434	0.153412248
0.01736097	0.007346723	0.006362669	0.004850122	0.015432776	0.028791341	0.0538214	0.133620616	0.156979257	0.198032004	0.153767006	0.225689284	0.156458129
